501	1.015	1.03039	1.034	1.031		1.491	1.01643	0.871	1.166
502	1.097	1.02981	1.034	1.031		1.189	1.01095	0.866	1.161
503	1.066	1.02919	1.033	1.031		1.173	1.00522	0.862	1.155
504	0.82	1.02855	1.033	1.031		1.162	0.99925	0.858	1.149
505	0.964	1.02788	1.032	1.031		0.872	0.99306	0.853	1.144
506	1.018	1.02718	1.032	1.031		0.822	0.98668	0.849	1.138
507	1.078	1.02647	1.031	1.031		0.765	0.98013	0.844	1.131
508	0.972	1.02573	1.031	1.031		0.906	0.97343	0.84	1.125
509	1.037	1.02498	1.03	1.031		0.86	0.9666	0.835	1.119
510	1.005	1.02421	1.03	1.031		1.121	0.95966	0.831	1.112
511	0.799	1.02342	1.029	1.032		1.035	0.95263	0.826	1.106
512	1.061	1.02262	1.029	1.032		0.915	0.94551	0.822	1.099
513	1.173	1.0218	1.028	1.032		1.014	0.93833	0.817	1.092
514	1.117	1.02097	1.027	1.032		0.877	0.93111	0.813	1.086
515	0.905	1.02011	1.026	1.033		0.747	0.92387	0.808	1.079
516	1.004	1.01924	1.026	1.033		0.702	0.91662	0.804	1.072
517	1.074	1.01835	1.025	1.033		0.887	0.90938	0.799	1.065
518	1.058	1.01744	1.024	1.034		0.94	0.90216	0.795	1.058
519	1.172	1.01652	1.023	1.034		0.914	0.89498	0.79	1.051
520	1.029	1.01558	1.022	1.035		0.822	0.88784	0.786	1.044
521	0.966	1.01463	1.02	1.035		1.006	0.88077	0.782	1.037
522	0.962	1.01368	1.019	1.036		0.516	0.87377	0.777	1.03
523	0.998	1.01272	1.018	1.036		0.764	0.86686	0.773	1.023
524	0.949	1.01176	1.016	1.036		0.862	0.86004	0.769	1.017
525	1.01	1.0108	1.015	1.037		0.886	0.85333	0.765	1.01
526	1.028	1.00985	1.013	1.037		0.861	0.84672	0.761	1.003
527	0.872	1.00889	1.012	1.038		0.834	0.84023	0.757	0.997
528	1.097	1.00795	1.01	1.038		0.827	0.83386	0.753	0.99
529	1.077	1.007	1.008	1.039		0.935	0.82763	0.75	0.984
530	0.916	1.00607	1.006	1.039		0.951	0.82153	0.746	0.978
531	1.11	1.00514	1.004	1.04		0.998	0.81558	0.743	0.972
532	1.111	1.00422	1.002	1.041		0.965	0.80979	0.739	0.966
533	1.05	1.0033	1	1.041		0.998	0.80418	0.736	0.96
534	1.127	1.00241	0.998	1.042		0.995	0.79875	0.733	0.955
535	1.128	1.00153	0.996	1.042		1.055	0.79353	0.73	0.949
536	0.769	1.00067	0.993	1.043		0.488	0.78854	0.728	0.944
537	0.972	0.99985	0.991	1.043		0.653	0.78381	0.725	0.939
538	0.813	0.99907	0.988	1.044		0.942	0.77936	0.723	0.935
539	1.064	0.99832	0.986	1.045		0.7	0.77521	0.721	0.93
540	0.925	0.99762	0.983	1.045		0.7	0.77138	0.719	0.926
541	0.793	0.99697	0.981	1.046		0.734	0.76789	0.717	0.922
542	1.154	0.99637	0.978	1.046		0.331	0.76476	0.715	0.918
543	0.886	0.99581	0.976	1.047		0.642	0.76201	0.714	0.914
544	0.892	0.99529	0.973	1.047		0.457	0.75965	0.712	0.911
545	1.014	0.99482	0.97	1.048		0.425	0.7577	0.711	0.908
546	1.007	0.9944	0.968	1.048		0.499	0.75616	0.71	0.905
547	0.984	0.99401	0.965	1.049		0.54	0.75503	0.71	0.903
548	1.065	0.99367	0.962	1.049		0.574	0.75431	0.709	0.9
549	0.902	0.99335	0.96	1.05		0.564	0.75398	0.709	0.898
550	0.972	0.99308	0.957	1.05		0.379	0.75406	0.709	0.896
551	0.888	0.99283	0.954	1.051		0.525	0.75451	0.709	0.895
552	1.008	0.99261	0.952	1.051		0.527	0.75532	0.709	0.894
553	1.069	0.99242	0.949	1.052		0.829	0.75648	0.709	0.892
554	0.978	0.99225	0.946	1.052		0.674	0.75795	0.709	0.892
555	0.981	0.99209	0.944	1.053		0.623	0.75971	0.71	0.891
556	1.113	0.99195	0.941	1.053		0.707	0.76174	0.711	0.891
557	0.924	0.99182	0.939	1.053		0.879	0.764	0.712	0.89
558	1.151	0.99169	0.936	1.054		0.775	0.76648	0.713	0.891
559	1.057	0.99157	0.934	1.054		1.081	0.76914	0.714	0.891
560	0.907	0.99146	0.931	1.055		0.8	0.77196	0.716	0.891
561	1.041	0.99135	0.929	1.055		0.839	0.77492	0.717	0.892
562	1.053	0.99124	0.926	1.056		1.124	0.77799	0.719	0.893
563	0.94	0.99115	0.924	1.056		1.15	0.78116	0.72	0.894
564	0.928	0.99105	0.921	1.056		0.803	0.7844	0.722	0.895
565	0.977	0.99097	0.919	1.057		0.659	0.78772	0.724	0.897
566	1.007	0.99089	0.917	1.057		0.715	0.7911	0.726	0.898
567	0.984	0.99082	0.914	1.058		0.876	0.79453	0.728	0.9
568	1.047	0.99075	0.912	1.058		0.852	0.798	0.73	0.902
569	0.894	0.99068	0.91	1.059		0.747	0.80151	0.732	0.903
570	1.096	0.99062	0.908	1.059		0.703	0.80503	0.734	0.906
571	1.084	0.99057	0.905	1.059		0.943	0.80855	0.737	0.908
572	0.965	0.99052	0.903	1.06		0.892	0.81208	0.739	0.91
573	1.015	0.99047	0.901	1.06		1.113	0.81559	0.741	0.912
574	0.763	0.99043	0.899	1.061		0.975	0.81908	0.743	0.915
575	0.913	0.99039	0.897	1.061		0.586	0.82254	0.746	0.917
576	0.985	0.99037	0.895	1.061		0.888	0.82597	0.748	0.92
577	1.012	0.99034	0.893	1.062		0.836	0.82937	0.75	0.922
578	0.982	0.99032	0.89	1.062		0.823	0.83273	0.753	0.925
579	0.993	0.9903	0.888	1.062		0.781	0.83605	0.755	0.928
580	1.06	0.99027	0.887	1.063		0.757	0.83932	0.757	0.931
581	1.085	0.99023	0.885	1.063		0.779	0.84253	0.76	0.933
582	0.933	0.99019	0.883	1.063		0.748	0.84569	0.762	0.936
583	0.99	0.99013	0.881	1.063		0.557	0.84878	0.764	0.939
584	1.001	0.99006	0.879	1.063		0.844	0.85179	0.766	0.942
585	0.889	0.98998	0.877	1.063		0.752	0.85471	0.768	0.944
586	0.978	0.98989	0.876	1.063		0.917	0.85752	0.77	0.947
587	1.069	0.98978	0.874	1.063		1.01	0.86021	0.772	0.95
588	1.023	0.98966	0.872	1.063		0.971	0.86277	0.773	0.952
589	0.82	0.98951	0.871	1.063		0.951	0.86519	0.775	0.955
590	1.072	0.98935	0.869	1.063		1.009	0.86744	0.777	0.958
591	0.949	0.98916	0.868	1.063		1.016	0.86953	0.778	0.96
592	1.086	0.98894	0.866	1.063		0.838	0.87145	0.78	0.963
593	0.986	0.98869	0.865	1.062		0.912	0.87318	0.781	0.965
594	1.084	0.98841	0.864	1.062		0.931	0.87474	0.782	0.968
595	1.02	0.9881	0.863	1.062		1.18	0.8761	0.783	0.97
596	0.977	0.98776	0.862	1.061		1.109	0.87727	0.784	0.972
597	0.908	0.98739	0.861	1.061		1.018	0.87826	0.785	0.975
598	0.983	0.98698	0.86	1.06		0.746	0.87905	0.786	0.977
599	1	0.98654	0.859	1.06		0.998	0.87967	0.786	0.979
600	1.001	0.98607	0.858	1.059		0.991	0.88011	0.787	0.981
601	0.957	0.98556	0.858	1.059		0.968	0.88038	0.787	0.983
602	1.059	0.98502	0.857	1.058		0.885	0.88049	0.788	0.985
603	0.927	0.98444	0.857	1.057		0.768	0.88045	0.788	0.987
604	1.125	0.98383	0.856	1.057		1.032	0.88027	0.788	0.988
605	1.029	0.98318	0.856	1.056		1.01	0.87996	0.788	0.99
606	1.11	0.9825	0.856	1.055		0.853	0.87952	0.788	0.991
607	0.852	0.98178	0.855	1.054		0.976	0.87897	0.788	0.993
608	0.957	0.98104	0.855	1.054		0.853	0.87833	0.788	0.994
609	0.917	0.98026	0.855	1.053		0.903	0.8776	0.787	0.995
610	1.014	0.97947	0.855	1.052		0.838	0.87679	0.787	0.997
611	0.881	0.97865	0.855	1.051		0.684	0.87593	0.786	0.998
612	1.059	0.97781	0.855	1.05		0.835	0.87502	0.786	0.999
613	0.936	0.97694	0.855	1.05		1.073	0.87408	0.785	1
614	0.931	0.97606	0.855	1.049		0.844	0.8731	0.785	1
615	0.977	0.97515	0.855	1.048		0.672	0.87212	0.784	1.001
616	1.148	0.97422	0.855	1.047		0.932	0.87113	0.783	1.002
617	0.877	0.97327	0.855	1.046		0.7	0.87014	0.782	1.002
618	0.902	0.97231	0.855	1.045		0.445	0.86917	0.781	1.003
619	0.875	0.97132	0.854	1.044		0.742	0.86822	0.78	1.003
620	1.166	0.97032	0.854	1.044		0.922	0.8673	0.779	1.004
621	0.977	0.96929	0.854	1.043		0.715	0.86639	0.778	1.004
622	1.045	0.96825	0.854	1.042		0.88	0.86551	0.777	1.004
623	0.995	0.96719	0.854	1.041		0.925	0.86464	0.776	1.004
624	0.9	0.96612	0.854	1.04		0.752	0.86379	0.775	1.004
625	0.931	0.96504	0.854	1.04		0.863	0.86295	0.774	1.004
626	0.929	0.96395	0.854	1.039		0.868	0.86212	0.773	1.004
627	0.875	0.96285	0.854	1.038		0.948	0.8613	0.772	1.004
628	0.972	0.96175	0.854	1.038		0.682	0.86048	0.77	1.004
629	0.956	0.96064	0.854	1.037		0.832	0.85965	0.769	1.003
630	1.01	0.95952	0.854	1.037		0.837	0.85883	0.768	1.003
631	0.925	0.9584	0.854	1.036		0.84	0.85799	0.767	1.002
632	1.014	0.95727	0.854	1.036		0.925	0.85713	0.766	1.002
633	1.115	0.95613	0.854	1.035		1.106	0.85626	0.765	1.001
634	1.05	0.95499	0.854	1.035		0.996	0.85535	0.763	1
635	0.901	0.95385	0.854	1.035		0.982	0.85442	0.762	0.999
636	0.907	0.95272	0.853	1.035		0.86	0.85346	0.761	0.999
637	1.034	0.95159	0.853	1.035		1.024	0.85248	0.76	0.998
638	1.008	0.95047	0.853	1.035		0.991	0.85148	0.759	0.997
639	0.871	0.94937	0.853	1.035		1.027	0.85046	0.758	0.996
640	1.011	0.94829	0.853	1.035		0.845	0.84944	0.757	0.995
641	0.99	0.94723	0.853	1.035		1.062	0.84842	0.756	0.994
642	0.953	0.94621	0.853	1.035		0.853	0.84741	0.755	0.993
643	0.883	0.94522	0.853	1.036		0.783	0.84644	0.754	0.992
644	0.916	0.94428	0.853	1.036		0.873	0.8455	0.754	0.991
645	1.049	0.94338	0.853	1.037		1.1	0.84463	0.753	0.99
646	0.983	0.94254	0.853	1.037		0.894	0.84382	0.752	0.989
647	0.813	0.94175	0.853	1.038		0.753	0.8431	0.752	0.988
648	0.874	0.94104	0.853	1.039		0.573	0.84249	0.752	0.987
649	0.962	0.94039	0.853	1.039		0.852	0.84199	0.751	0.986
650	0.915	0.93981	0.853	1.04		0.705	0.84163	0.751	0.985
651	0.837	0.93932	0.853	1.041		0.621	0.84143	0.751	0.984
652	1.015	0.93891	0.853	1.042		0.75	0.84137	0.751	0.984
653	0.937	0.93858	0.853	1.043		0.717	0.84149	0.751	0.983
654	0.907	0.93835	0.853	1.044		0.883	0.84177	0.751	0.982
655	0.789	0.9382	0.853	1.046		0.632	0.84224	0.752	0.982
656	0.95	0.93815	0.853	1.047		0.796	0.84288	0.752	0.982
657	0.991	0.93819	0.854	1.048		0.934	0.8437	0.753	0.981
658	0.953	0.93834	0.854	1.049		0.822	0.84471	0.754	0.981
659	0.813	0.93858	0.854	1.051		0.819	0.8459	0.755	0.981
660	0.935	0.93891	0.854	1.052		0.512	0.84728	0.756	0.981
661	0.849	0.93935	0.854	1.054		0.665	0.84885	0.757	0.981
662	0.823	0.93989	0.855	1.055		0.429	0.8506	0.759	0.981
663	0.927	0.94053	0.855	1.057		0.657	0.85252	0.76	0.982
664	0.883	0.94125	0.855	1.059		0.635	0.85461	0.762	0.982
665	0.864	0.94208	0.855	1.06		0.776	0.85684	0.764	0.983
666	0.889	0.94298	0.856	1.062		1.066	0.8592	0.766	0.983
667	0.972	0.94397	0.856	1.064		1.084	0.86167	0.768	0.984
668	0.98	0.94503	0.856	1.066		0.863	0.86423	0.77	0.985
669	0.856	0.94616	0.857	1.068		0.731	0.86686	0.772	0.986
670	0.963	0.94735	0.857	1.069		0.795	0.86954	0.775	0.988
671	1.017	0.9486	0.858	1.071		1.086	0.87227	0.778	0.989
672	1.007	0.94989	0.858	1.073		1.031	0.87503	0.78	0.99
673	0.985	0.95123	0.859	1.075		0.994	0.8778	0.783	0.992
674	1.1	0.9526	0.859	1.077		1.004	0.88056	0.786	0.994
675	1.008	0.95401	0.859	1.079		1.144	0.88331	0.79	0.995
676	0.819	0.95546	0.86	1.081		1.144	0.88605	0.793	0.997
677	0.984	0.95693	0.86	1.083		0.871	0.88876	0.796	0.999
678	0.992	0.95843	0.861	1.086		0.987	0.89144	0.8	1.001
679	0.93	0.95995	0.862	1.088		0.872	0.8941	0.803	1.004
680	0.984	0.9615	0.862	1.09		0.907	0.89674	0.807	1.006
681	0.953	0.96306	0.863	1.092		0.942	0.89936	0.811	1.008
682	0.983	0.96465	0.863	1.094		0.985	0.90195	0.815	1.011
683	1.088	0.96624	0.864	1.096		1.018	0.90452	0.818	1.013
684	0.848	0.96785	0.864	1.098		1.307	0.90707	0.822	1.016
685	0.883	0.96947	0.865	1.1		0.413	0.90961	0.826	1.019
686	1.037	0.9711	0.866	1.102		1.073	0.91215	0.83	1.022
687	0.905	0.97273	0.866	1.104		0.89	0.91469	0.835	1.024
688	1.046	0.97437	0.867	1.106		0.792	0.91723	0.839	1.027
689	1.048	0.97601	0.868	1.108		0.989	0.91979	0.843	1.03
690	1.07	0.97764	0.869	1.11		0.935	0.92235	0.847	1.033
691	0.973	0.97927	0.869	1.112		0.979	0.92494	0.851	1.037
692	0.886	0.9809	0.87	1.114		0.77	0.92755	0.855	1.04
693	0.987	0.98252	0.871	1.116		0.859	0.93019	0.86	1.043
694	0.901	0.98413	0.872	1.118		1.143	0.93287	0.864	1.046
695	0.999	0.98574	0.872	1.12		0.946	0.93557	0.868	1.05
696	1.105	0.98733	0.873	1.122		0.813	0.93832	0.872	1.053
697	1.104	0.98891	0.874	1.123		1.13	0.9411	0.877	1.056
698	0.964	0.99048	0.875	1.125		0.838	0.94394	0.881	1.06
699	1.063	0.99204	0.876	1.127		0.866	0.94683	0.885	1.063
700	0.955	0.99358	0.877	1.129		0.959	0.94977	0.889	1.067
701	0.921	0.99512	0.878	1.13		1.004	0.95278	0.893	1.071
702	0.967	0.99664	0.879	1.132		0.844	0.95585	0.897	1.074
703	1.065	0.99816	0.88	1.134		0.963	0.95899	0.901	1.078
704	1.07	0.99966	0.881	1.135		0.787	0.9622	0.905	1.081
705	0.987	1.00116	0.882	1.137		0.815	0.96548	0.909	1.085
706	1.042	1.00265	0.883	1.138		0.717	0.96884	0.913	1.089
707	1.072	1.00413	0.884	1.139		0.929	0.97227	0.917	1.092
708	1.003	1.00561	0.886	1.141		0.907	0.97576	0.92	1.096
709	0.95	1.00709	0.887	1.142		1.03	0.97931	0.924	1.1
710	0.924	1.00857	0.888	1.143		0.853	0.98291	0.928	1.103
711	0.923	1.01005	0.889	1.145		0.984	0.98656	0.931	1.107
712	0.958	1.01154	0.891	1.146		0.741	0.99023	0.935	1.111
713	0.976	1.01303	0.892	1.147		0.959	0.99393	0.938	1.114
714	1.077	1.01453	0.893	1.148		1	0.99764	0.941	1.118
715	1.009	1.01603	0.895	1.149		0.942	1.00134	0.944	1.121
716	1.059	1.01753	0.896	1.15		1.059	1.00503	0.948	1.125
717	1.058	1.01903	0.898	1.152		1.023	1.00868	0.951	1.128
718	1.024	1.02053	0.899	1.153		1.03	1.01229	0.954	1.132
719	1.044	1.02202	0.901	1.154		0.858	1.01583	0.956	1.135
720	0.991	1.02352	0.902	1.155		0.967	1.01931	0.959	1.138
721	1.1	1.02502	0.904	1.156		1.056	1.02269	0.962	1.142
722	1.012	1.02651	0.906	1.157		1.117	1.02597	0.964	1.145
723	0.964	1.02801	0.907	1.158		1.133	1.02913	0.967	1.148
724	0.976	1.02951	0.909	1.16		1.046	1.03215	0.969	1.151
725	1.023	1.03102	0.911	1.161		1.39	1.03501	0.971	1.153
726	1.131	1.03252	0.912	1.162		1.21	1.03772	0.973	1.156
727	0.949	1.03403	0.914	1.163		1.221	1.04026	0.975	1.159
728	1.005	1.03554	0.916	1.165		1.244	1.04262	0.977	1.161
729	1.098	1.03705	0.917	1.166		1.326	1.04481	0.978	1.164
730	1.157	1.03856	0.919	1.167		1.145	1.04682	0.98	1.166
731	1.026	1.04007	0.921	1.169		1.135	1.04866	0.981	1.168
732	1.076	1.04158	0.923	1.17		0.959	1.05034	0.982	1.17
733	1.018	1.04309	0.924	1.171		1.157	1.05186	0.983	1.171
734	1.076	1.04461	0.926	1.173		1.163	1.05324	0.984	1.173
735	0.98	1.04613	0.928	1.174		1.025	1.05448	0.985	1.174
736	1.186	1.04766	0.929	1.176		0.989	1.05559	0.985	1.175
737	0.974	1.0492	0.931	1.178		1.233	1.05658	0.986	1.176
738	0.912	1.05075	0.932	1.179		0.912	1.05746	0.986	1.177
739	0.896	1.05232	0.934	1.181		0.993	1.05824	0.986	1.178
740	0.935	1.0539	0.935	1.182		0.926	1.05894	0.986	1.178
741	0.975	1.05549	0.937	1.184		0.659	1.05956	0.986	1.178
742	1.001	1.05708	0.938	1.185		0.792	1.0601	0.985	1.178
743	0.946	1.05868	0.94	1.187		1.021	1.06057	0.984	1.178
744	0.923	1.06027	0.941	1.188		0.571	1.06096	0.984	1.178
745	0.936	1.06185	0.942	1.19		0.712	1.06126	0.983	1.177
746	1.058	1.06341	0.943	1.192		0.819	1.06147	0.982	1.176
747	1.008	1.06492	0.944	1.193		1.044	1.06157	0.98	1.175
748	1.038	1.06639	0.945	1.194		1.04	1.06153	0.979	1.174
749	1.137	1.0678	0.946	1.196		1.107	1.06134	0.977	1.173
750	1.05	1.06913	0.947	1.197		1.032	1.06097	0.975	1.171
751	1.147	1.07037	0.947	1.198		1.088	1.0604	0.973	1.169
752	1.032	1.0715	0.948	1.2		0.828	1.05961	0.971	1.167
753	1.119	1.07253	0.948	1.201		1.11	1.05858	0.968	1.164
754	1.243	1.07342	0.949	1.202		1.34	1.05728	0.966	1.162
755	1.171	1.07418	0.949	1.203		1.276	1.05569	0.963	1.159
756	1.056	1.07479	0.949	1.204		1.155	1.05378	0.96	1.156
757	1.281	1.07525	0.949	1.204		1.25	1.05155	0.957	1.152
758	1.21	1.07554	0.949	1.205		1.389	1.04898	0.953	1.149
759	1.087	1.07566	0.949	1.206		1.324	1.04605	0.95	1.145
760	1.265	1.07562	0.948	1.206		1.258	1.04276	0.946	1.141
761	1.219	1.0754	0.948	1.206		1.541	1.0391	0.942	1.137
762	1.062	1.07501	0.947	1.207		1.017	1.03509	0.938	1.132
763	1.173	1.07445	0.946	1.207		1.199	1.03072	0.934	1.128
764	1.12	1.07372	0.945	1.207		1.181	1.02601	0.93	1.123
765	1.094	1.07283	0.944	1.207		1.15	1.02096	0.925	1.118
766	1.029	1.07179	0.943	1.207		0.957	1.0156	0.92	1.112
767	1.16	1.07058	0.942	1.206		1.074	1.00993	0.916	1.107
768	1.163	1.06923	0.94	1.206		1.316	1.00397	0.911	1.101
769	1.082	1.06774	0.939	1.205		0.871	0.99774	0.906	1.095
770	1.006	1.06611	0.938	1.205		0.841	0.99126	0.9	1.089
771	1.137	1.06436	0.936	1.204		1.096	0.98454	0.895	1.083
772	0.968	1.06248	0.934	1.203		1.035	0.97761	0.89	1.077
773	1.069	1.06049	0.933	1.202		0.862	0.97048	0.884	1.071
774	1.116	1.05839	0.931	1.201		0.684	0.96316	0.878	1.064
775	1.078	1.05619	0.929	1.2		0.897	0.95569	0.873	1.058
776	0.946	1.0539	0.927	1.199		0.672	0.94806	0.867	1.051
777	1.135	1.05152	0.925	1.197		0.953	0.9403	0.861	1.045
778	1.103	1.04906	0.923	1.196		0.952	0.93241	0.855	1.038
779	1.172	1.04653	0.921	1.194		1.099	0.92439	0.849	1.031
780	1.073	1.04393	0.919	1.192		1.11	0.91626	0.843	1.024
781	0.921	1.04128	0.917	1.19		0.986	0.90803	0.838	1.017
782	1.026	1.03858	0.915	1.189		1.039	0.89971	0.832	1.011
783	0.972	1.03585	0.913	1.187		0.846	0.89132	0.826	1.004
784	1.022	1.03309	0.911	1.185		1.079	0.88288	0.82	0.997
785	1.119	1.03031	0.91	1.182		1.079	0.87439	0.814	0.99
786	1.013	1.02752	0.908	1.18		1.057	0.86589	0.808	0.984
787	1.148	1.02473	0.906	1.178		0.925	0.85739	0.803	0.977
788	0.884	1.02194	0.904	1.176		0.798	0.84892	0.797	0.971
789	0.936	1.01916	0.902	1.173		0.644	0.84051	0.791	0.964
790	1.141	1.01641	0.901	1.171		0.969	0.83218	0.786	0.958
791	1.006	1.01369	0.899	1.168		0.941	0.82396	0.781	0.952
792	1.16	1.011	0.897	1.166		0.885	0.81587	0.776	0.946
793	1.132	1.00837	0.896	1.163		0.958	0.80793	0.77	0.94
794	0.963	1.00579	0.894	1.161		0.879	0.80019	0.766	0.935
795	0.924	1.00329	0.893	1.158		0.856	0.79266	0.761	0.93
796	1.041	1.00087	0.892	1.156		0.762	0.78538	0.756	0.924
797	0.888	0.99854	0.891	1.153		0.835	0.77838	0.752	0.919
798	0.947	0.99632	0.89	1.151		0.618	0.7717	0.748	0.915
799	0.906	0.99422	0.888	1.148		0.776	0.76536	0.744	0.91
800	0.79	0.99224	0.888	1.146		0.467	0.7594	0.74	0.906
801	0.949	0.9904	0.887	1.143		0.629	0.75385	0.736	0.902
802	0.88	0.98869	0.886	1.141		0.512	0.74874	0.733	0.898
803	0.924	0.98713	0.885	1.138		0.443	0.74409	0.73	0.895
804	0.942	0.98571	0.884	1.136		0.36	0.73991	0.727	0.891
805	0.93	0.98444	0.884	1.133		0.5	0.73623	0.724	0.889
806	0.903	0.98331	0.883	1.131		0.48	0.73306	0.721	0.886
807	0.929	0.98233	0.883	1.129		0.494	0.7304	0.719	0.884
808	0.919	0.98149	0.883	1.127		0.655	0.72826	0.717	0.881
809	0.943	0.9808	0.882	1.125		0.435	0.72663	0.715	0.88
810	0.931	0.98025	0.882	1.123		0.543	0.72551	0.713	0.878
811	0.97	0.97983	0.882	1.121		0.648	0.72491	0.712	0.877
812	0.922	0.97954	0.882	1.119		0.46	0.72479	0.711	0.876
813	0.933	0.97938	0.882	1.117		0.542	0.72516	0.71	0.875
814	0.875	0.97934	0.882	1.115		0.601	0.72601	0.709	0.875
815	0.972	0.97942	0.882	1.114		0.476	0.7273	0.709	0.875
816	1.075	0.9796	0.882	1.112		0.677	0.72903	0.708	0.875
817	0.989	0.97988	0.882	1.111		0.577	0.73117	0.708	0.875
818	0.901	0.98025	0.882	1.109		0.58	0.73369	0.708	0.876
819	0.926	0.98071	0.882	1.108		0.591	0.73657	0.708	0.877
820	1.007	0.98124	0.882	1.106		0.705	0.73978	0.709	0.878
821	1.049	0.98184	0.882	1.105		0.766	0.74329	0.709	0.879
822	1.008	0.98251	0.883	1.104		0.768	0.74706	0.71	0.881
823	0.956	0.98322	0.883	1.103		0.726	0.75106	0.711	0.882
824	0.907	0.98399	0.883	1.101		0.405	0.75527	0.712	0.884
825	1.02	0.98479	0.884	1.1		0.818	0.75965	0.713	0.886
826	0.978	0.98563	0.884	1.099		0.856	0.76416	0.714	0.889
827	1.017	0.98649	0.885	1.099		0.915	0.76877	0.715	0.891
828	1.016	0.98736	0.885	1.098		0.813	0.77344	0.717	0.893
829	1.016	0.98824	0.886	1.097		0.726	0.77813	0.718	0.896
830	1.048	0.98913	0.886	1.096		1.01	0.78283	0.72	0.899
831	1.037	0.99001	0.887	1.096		0.924	0.78749	0.721	0.902
832	1.07	0.99087	0.888	1.095		0.919	0.79209	0.723	0.905
833	1.041	0.99173	0.888	1.094		0.919	0.79659	0.724	0.908
834	0.901	0.99256	0.889	1.094		1.079	0.80098	0.726	0.911
835	1.142	0.99337	0.89	1.094		0.943	0.80523	0.728	0.914
836	1.015	0.99415	0.891	1.093		1.051	0.80932	0.73	0.917
837	1.149	0.99491	0.891	1.093		1.104	0.81323	0.732	0.921
838	0.981	0.99564	0.892	1.093		0.839	0.81696	0.733	0.924
839	1.03	0.99633	0.893	1.092		1.166	0.82048	0.735	0.927
840	0.991	0.997	0.894	1.092		1.2	0.8238	0.737	0.931
841	1.061	0.99763	0.895	1.092		1.158	0.82692	0.739	0.934
842	1.044	0.99825	0.896	1.092		1.108	0.82983	0.741	0.938
843	1.095	0.99883	0.897	1.092		1.029	0.83254	0.743	0.941
844	0.996	0.99939	0.898	1.092		1.111	0.83507	0.745	0.945
845	1.149	0.99994	0.899	1.092		1.31	0.83742	0.747	0.949
846	0.99	1.00047	0.901	1.092		1.206	0.83964	0.748	0.952
847	1.067	1.00099	0.902	1.093		0.815	0.84173	0.75	0.956
848	0.99	1.00151	0.903	1.093		0.635	0.84373	0.752	0.959
849	1.092	1.00203	0.904	1.093		0.989	0.84567	0.754	0.963
850	0.999	1.00257	0.905	1.093		0.802	0.84759	0.756	0.967
851	0.918	1.00312	0.907	1.094		0.506	0.84951	0.758	0.97
852	0.887	1.00371	0.908	1.094		0.468	0.85147	0.76	0.974
853	0.842	1.00433	0.909	1.095		0.702	0.85348	0.762	0.978
854	0.958	1.00499	0.911	1.095		0.623	0.85558	0.764	0.982
855	1.003	1.0057	0.912	1.095		0.782	0.85777	0.766	0.985
856	1.021	1.00645	0.914	1.096		0.712	0.86008	0.768	0.989
857	0.868	1.00725	0.915	1.096		0.92	0.8625	0.77	0.993
858	0.97	1.0081	0.916	1.097		0.584	0.86506	0.772	0.997
859	0.97	1.00901	0.918	1.098		0.62	0.86777	0.774	1
860	0.929	1.00996	0.919	1.098		0.756	0.87063	0.776	1.004
861	0.955	1.01095	0.921	1.099		0.657	0.87363	0.778	1.008
862	0.973	1.012	0.922	1.099		0.621	0.8768	0.78	1.012
863	0.931	1.01309	0.924	1.1		0.592	0.88011	0.782	1.016
864	1.018	1.01421	0.925	1.101		0.597	0.88357	0.784	1.02
865	0.849	1.01537	0.927	1.102		0.54	0.88717	0.787	1.023
866	0.964	1.01656	0.928	1.102		0.654	0.89088	0.789	1.027
867	1.028	1.01777	0.93	1.103		0.662	0.8947	0.791	1.031
868	1.106	1.01899	0.931	1.104		0.805	0.89858	0.793	1.035
869	1.185	1.02021	0.933	1.105		0.973	0.90251	0.795	1.039
870	1.028	1.02143	0.934	1.106		0.877	0.90646	0.797	1.042
871	1.102	1.02265	0.936	1.106		0.946	0.9104	0.8	1.046
872	1.017	1.02385	0.937	1.107		1.141	0.9143	0.802	1.05
873	1.069	1.02504	0.939	1.108		0.86	0.91812	0.804	1.053
874	1.011	1.02621	0.94	1.109		1.168	0.92186	0.806	1.057
875	1.061	1.02735	0.942	1.11		1.062	0.92547	0.808	1.061
876	1.167	1.02848	0.943	1.111		1.152	0.92895	0.81	1.064
877	0.85	1.02957	0.945	1.112		1.226	0.93226	0.812	1.068
878	1.11	1.03064	0.946	1.113		1.006	0.93539	0.814	1.071
879	1.031	1.03169	0.947	1.114		1.19	0.93834	0.816	1.075
880	1.045	1.0327	0.949	1.115		1.06	0.94109	0.818	1.078
881	0.813	1.03368	0.95	1.116		1.06	0.94363	0.82	1.081
882	1.039	1.03462	0.952	1.117		0.774	0.94596	0.822	1.084
883	1.104	1.03553	0.953	1.118		1.167	0.94807	0.823	1.088
884	1.057	1.03639	0.954	1.12		1.112	0.94997	0.825	1.091
885	1.063	1.0372	0.956	1.121		1.157	0.95164	0.827	1.094
886	1.18	1.03797	0.957	1.122		0.932	0.95309	0.828	1.096
887	1.151	1.03868	0.958	1.123		1.329	0.95432	0.83	1.099
888	0.992	1.03933	0.96	1.124		1.107	0.95534	0.831	1.102
889	1.035	1.03993	0.961	1.126		0.833	0.95615	0.833	1.105
890	1.164	1.04048	0.962	1.127		1.136	0.95676	0.834	1.107
891	1.253	1.04097	0.963	1.128		1.116	0.95719	0.836	1.11
892	0.941	1.04141	0.964	1.129		1.026	0.95744	0.837	1.112
893	1.023	1.04181	0.965	1.13		0.873	0.95754	0.838	1.114
894	1.063	1.04216	0.967	1.132		0.976	0.95749	0.839	1.117
895	1.058	1.04247	0.968	1.133		1.111	0.95731	0.841	1.119
896	1.122	1.04275	0.969	1.134		0.995	0.95702	0.842	1.121
897	1.11	1.04299	0.97	1.135		1.147	0.95662	0.843	1.123
898	1.069	1.04321	0.971	1.137		1.108	0.95615	0.844	1.125
899	1.146	1.04341	0.971	1.138		1.24	0.95562	0.845	1.127
900	0.969	1.0436	0.972	1.139		0.988	0.95506	0.846	1.128
901	1.051	1.04378	0.973	1.14		0.985	0.95448	0.847	1.13
902	1.015	1.04396	0.974	1.141		0.862	0.95393	0.848	1.132
903	0.946	1.04416	0.975	1.142		0.891	0.95342	0.849	1.134
904	1.04	1.04437	0.976	1.143		0.934	0.95299	0.85	1.135
905	1.109	1.0446	0.977	1.145		0.846	0.95265	0.851	1.137
906	1.137	1.04485	0.978	1.146		0.768	0.95245	0.852	1.138
907	0.932	1.04514	0.978	1.147		0.758	0.95239	0.853	1.14
908	1.054	1.04547	0.979	1.148		0.741	0.9525	0.854	1.141
909	1.071	1.04585	0.98	1.149		0.731	0.9528	0.855	1.143
910	0.923	1.04628	0.981	1.15		0.703	0.95331	0.856	1.145
911	0.866	1.04676	0.982	1.151		0.665	0.95403	0.857	1.146
912	1.088	1.04731	0.983	1.152		0.844	0.95497	0.858	1.148
913	0.999	1.04793	0.984	1.153		0.714	0.95614	0.859	1.149
914	0.915	1.04861	0.985	1.154		0.65	0.95754	0.86	1.151
915	1.048	1.04936	0.986	1.155		0.668	0.95916	0.862	1.152
916	0.984	1.05018	0.987	1.156		0.683	0.96099	0.863	1.154
917	0.927	1.05106	0.988	1.157		0.963	0.96304	0.864	1.155
918	0.998	1.05201	0.989	1.158		0.804	0.96527	0.866	1.157
919	1.078	1.05303	0.99	1.159		0.985	0.96767	0.867	1.159
920	1.028	1.0541	0.991	1.159		0.8	0.97023	0.869	1.16
921	0.914	1.05522	0.992	1.16		0.79	0.97293	0.87	1.162
922	1.111	1.0564	0.994	1.161		0.829	0.97574	0.872	1.164
923	0.961	1.05762	0.995	1.162		0.924	0.97864	0.873	1.165
924	1.108	1.05887	0.996	1.162		0.877	0.98161	0.875	1.167
925	1.045	1.06016	0.997	1.163		1.069	0.98461	0.877	1.169
926	1.11	1.06147	0.999	1.164		0.734	0.98763	0.878	1.171
927	0.969	1.06279	1	1.164		0.924	0.99062	0.88	1.172
928	1.126	1.06413	1.001	1.165		1.118	0.99357	0.882	1.174
929	1.128	1.06547	1.003	1.166		1.063	0.99643	0.884	1.176
930	1.206	1.0668	1.004	1.166		1.124	0.99919	0.886	1.178
931	1.069	1.06813	1.005	1.167		1.442	1.0018	0.888	1.179
932	1.179	1.06945	1.007	1.167		1.31	1.00424	0.89	1.181
933	1.123	1.07075	1.008	1.168		1.328	1.0065	0.892	1.183
934	1.262	1.07204	1.01	1.168		1.639	1.00855	0.894	1.184
935	1.17	1.0733	1.011	1.169		1.628	1.01038	0.896	1.186
936	0.962	1.07456	1.012	1.169		1.521	1.01201	0.898	1.188
937	1.044	1.0758	1.014	1.17		1.275	1.01342	0.901	1.189
938	1.03	1.07703	1.015	1.17		1.422	1.01464	0.903	1.191
939	1.146	1.07825	1.016	1.17		1.4	1.0157	0.905	1.193
940	0.92	1.07947	1.018	1.171		1.226	1.0166	0.907	1.194
941	1.02	1.08068	1.019	1.171		0.833	1.0174	0.91	1.196
942	0.999	1.08188	1.021	1.171		1.116	1.01813	0.912	1.198
943	1.074	1.08307	1.022	1.172		0.877	1.01881	0.914	1.199
944	1.226	1.08425	1.023	1.172		0.869	1.01948	0.917	1.201
945	1.151	1.08542	1.025	1.172		1.054	1.02018	0.92	1.203
946	1.175	1.08658	1.026	1.173		0.988	1.02094	0.922	1.204
947	1.139	1.08772	1.027	1.173		0.877	1.02179	0.925	1.206
948	1.027	1.08884	1.029	1.173		0.829	1.02275	0.928	1.208
949	1.06	1.08995	1.03	1.174		0.907	1.02385	0.931	1.21
950	1.02	1.09106	1.031	1.174		0.748	1.02513	0.933	1.212
951	1.191	1.09215	1.032	1.174		0.917	1.0266	0.936	1.214
952	1.024	1.09324	1.033	1.174		0.844	1.02829	0.94	1.216
953	1.037	1.09431	1.035	1.174		0.823	1.0302	0.943	1.218
954	1.064	1.09538	1.036	1.175		0.899	1.03236	0.946	1.22
955	1.07	1.09644	1.037	1.175		0.954	1.03477	0.949	1.222
956	1.055	1.09749	1.038	1.175		0.609	1.03745	0.953	1.225
957	1.112	1.09853	1.039	1.175		0.869	1.0404	0.956	1.227
958	1.037	1.09956	1.04	1.175		0.878	1.04362	0.96	1.23
959	1.183	1.10057	1.041	1.176		0.983	1.04711	0.963	1.232
960	1.187	1.10156	1.041	1.176		1.018	1.05087	0.967	1.235
961	0.839	1.10253	1.042	1.176		0.57	1.0549	0.971	1.238
962	1.085	1.10348	1.043	1.176		0.62	1.05918	0.975	1.241
963	1.062	1.10441	1.043	1.176		0.962	1.0637	0.979	1.244
964	1.2	1.1053	1.044	1.176		0.995	1.06845	0.983	1.247
965	1.077	1.10616	1.044	1.176		0.865	1.0734	0.987	1.25
966	1.077	1.10698	1.045	1.176		1.045	1.07853	0.991	1.253
967	1.169	1.10776	1.045	1.176		0.992	1.08381	0.995	1.257
968	1.113	1.10849	1.046	1.176		0.945	1.08922	0.999	1.26
969	1.186	1.10916	1.046	1.176		1.348	1.09473	1.004	1.264
970	1.053	1.10978	1.046	1.176		1.397	1.10031	1.008	1.267
971	1.161	1.11035	1.046	1.176		1.247	1.10593	1.012	1.271
972	1.286	1.11084	1.046	1.176		1.42	1.11158	1.017	1.274
973	1.183	1.11128	1.046	1.175		1.24	1.11722	1.021	1.278
974	1.05	1.11165	1.046	1.175		1.196	1.12285	1.025	1.282
975	1.134	1.11195	1.046	1.175		1.268	1.12846	1.03	1.286
976	1.05	1.11219	1.045	1.175		1.229	1.13403	1.034	1.29
977	1.146	1.11237	1.045	1.175		1.135	1.13955	1.039	1.293
978	1.209	1.11248	1.045	1.175		1.263	1.14502	1.043	1.297
979	1.006	1.11253	1.045	1.174		0.944	1.15043	1.047	1.301
980	1.133	1.11251	1.044	1.174		0.964	1.15577	1.051	1.305
981	1.028	1.11243	1.044	1.174		1.147	1.16102	1.056	1.309
982	1.322	1.11229	1.043	1.174		1.245	1.16619	1.06	1.313
983	1.198	1.11209	1.043	1.174		1.229	1.17126	1.064	1.317
984	1.086	1.11183	1.042	1.173		1.109	1.1762	1.068	1.321
985	1.086	1.1115	1.042	1.173		0.882	1.18103	1.072	1.324
986	1.219	1.11113	1.041	1.173		1.203	1.18572	1.076	1.328
987	1.12	1.1107	1.041	1.173		1.495	1.19025	1.08	1.332
988	1.12	1.11022	1.04	1.173		1.048	1.19462	1.084	1.335
989	0.983	1.1097	1.039	1.173		1.256	1.1988	1.087	1.339
990	1.219	1.10914	1.039	1.172		1.442	1.2028	1.091	1.342
991	1.064	1.10854	1.038	1.172		1.119	1.20658	1.094	1.345
992	1.175	1.10792	1.038	1.172		1.248	1.21016	1.098	1.349
993	1.098	1.10726	1.037	1.172		1.014	1.2135	1.101	1.352
994	1.087	1.10658	1.037	1.172		1.448	1.21662	1.104	1.355
995	1.181	1.10589	1.036	1.172		1.301	1.21948	1.107	1.358
996	1.099	1.10518	1.036	1.172		1.31	1.2221	1.109	1.36
997	1.107	1.10446	1.035	1.172		1.479	1.22444	1.112	1.363
998	1.06	1.10373	1.035	1.172		1.434	1.22652	1.114	1.366
999	1.074	1.10301	1.035	1.172		1.381	1.22832	1.117	1.368
1000	1.238	1.1023	1.034	1.172		1.613	1.22986	1.119	1.37
1001	1.064	1.10159	1.034	1.172		1.396	1.23112	1.121	1.372
1002	1.165	1.10091	1.034	1.172		1.286	1.23213	1.122	1.374
1003	1.059	1.10024	1.034	1.172		1.17	1.23288	1.124	1.376
1004	1.108	1.09961	1.034	1.172		1.336	1.2334	1.125	1.378
1005	1.064	1.09901	1.034	1.172		1.446	1.2337	1.127	1.379
1006	1.105	1.09846	1.034	1.173		1.536	1.23379	1.128	1.381
1007	1.091	1.09795	1.034	1.173		1.451	1.23368	1.129	1.382
1008	0.919	1.0975	1.034	1.173		1.418	1.2334	1.129	1.383
1009	1.102	1.09711	1.034	1.173		1.018	1.23297	1.13	1.384
1010	1.032	1.09678	1.034	1.174		1.091	1.23241	1.13	1.385
1011	1.095	1.09652	1.035	1.174		1.119	1.23176	1.131	1.386
1012	1.037	1.09632	1.035	1.175		1.01	1.23104	1.131	1.386
1013	1.016	1.09619	1.036	1.175		1.043	1.23026	1.131	1.387
1014	1.028	1.09614	1.036	1.176		0.974	1.22943	1.131	1.387
1015	1.005	1.09615	1.037	1.176		0.839	1.22859	1.13	1.388
1016	1.023	1.09624	1.037	1.177		0.914	1.22772	1.13	1.388
1017	0.931	1.09639	1.038	1.178		0.966	1.22684	1.129	1.388
1018	1.09	1.0966	1.039	1.178		1.134	1.22595	1.129	1.388
1019	1.127	1.09687	1.039	1.179		1.386	1.22504	1.128	1.388
1020	1.167	1.09719	1.04	1.179		1.295	1.22411	1.127	1.388
1021	1.149	1.09756	1.041	1.18		1.276	1.22314	1.126	1.388
1022	1.143	1.09796	1.042	1.181		1.345	1.22215	1.125	1.387
1023	1.072	1.0984	1.043	1.182		1.017	1.22112	1.124	1.387
1024	1.001	1.09887	1.044	1.182		1.257	1.22005	1.122	1.386
1025	1.214	1.09937	1.045	1.183		1.385	1.21895	1.121	1.386
1026	1.081	1.09989	1.046	1.184		1.261	1.2178	1.119	1.385
1027	1.13	1.10043	1.047	1.184		1.486	1.21662	1.118	1.385
1028	1.175	1.10099	1.047	1.185		1.146	1.21539	1.116	1.384
1029	1.096	1.10156	1.048	1.186		1.088	1.21412	1.115	1.383
1030	1.143	1.10214	1.049	1.187		1.44	1.21282	1.113	1.383
1031	0.982	1.10272	1.05	1.187		1.424	1.21149	1.111	1.382
1032	1.074	1.10331	1.051	1.188		1.047	1.21014	1.109	1.381
1033	1.089	1.1039	1.052	1.189		1.118	1.20876	1.107	1.38
1034	1.177	1.10449	1.053	1.189		1.147	1.20737	1.106	1.379
1035	1.102	1.10508	1.054	1.19		1.25	1.20597	1.104	1.378
1036	1.112	1.10565	1.054	1.19		1.279	1.20457	1.102	1.378
1037	1.287	1.10622	1.055	1.191		1.354	1.20316	1.1	1.377
1038	1.138	1.10676	1.056	1.191		1.087	1.20176	1.098	1.376
1039	1.116	1.10729	1.056	1.192		1.084	1.20037	1.096	1.375
1040	1.193	1.10781	1.057	1.192		1.127	1.199	1.093	1.374
1041	1.028	1.10831	1.058	1.192		0.974	1.19764	1.091	1.373
1042	1.021	1.1088	1.058	1.192		0.986	1.19631	1.089	1.372
1043	1.037	1.10927	1.059	1.193		1.249	1.19501	1.087	1.371
1044	1.07	1.10973	1.059	1.193		1.318	1.19372	1.085	1.37
1045	1.148	1.11017	1.06	1.193		1.216	1.19246	1.083	1.369
1046	1.152	1.11059	1.06	1.193		0.905	1.1912	1.08	1.368
1047	0.923	1.11099	1.06	1.193		1.104	1.18996	1.078	1.367
1048	1.275	1.11137	1.061	1.193		1.218	1.18873	1.076	1.366
1049	1.083	1.11173	1.061	1.193		1.083	1.18751	1.073	1.364
1050	0.967	1.11205	1.061	1.193		1.036	1.18628	1.071	1.363
1051	1.344	1.11234	1.061	1.193		1.251	1.18504	1.068	1.362
1052	1.144	1.1126	1.062	1.193		1.327	1.18378	1.066	1.361
1053	1.036	1.11282	1.062	1.193		0.942	1.18249	1.063	1.359
1054	1.101	1.11301	1.062	1.192		0.983	1.18116	1.061	1.358
1055	1.113	1.11315	1.062	1.192		1.122	1.17978	1.058	1.356
1056	1.108	1.11326	1.062	1.192		1.297	1.17835	1.056	1.355
1057	1.156	1.11332	1.062	1.192		1.281	1.17683	1.053	1.353
1058	1.236	1.11334	1.062	1.191		1.439	1.17524	1.05	1.351
1059	1.078	1.11332	1.062	1.191		1.416	1.17354	1.047	1.35
1060	1.207	1.11325	1.062	1.19		1.118	1.17174	1.045	1.348
1061	1.17	1.11314	1.061	1.19		1.471	1.16982	1.042	1.346
1062	1.167	1.11298	1.061	1.189		1.738	1.1678	1.039	1.344
1063	1.124	1.11278	1.061	1.189		1.301	1.16566	1.036	1.341
1064	1.155	1.11255	1.06	1.188		1.138	1.16342	1.033	1.339
1065	1.122	1.11228	1.06	1.188		1.212	1.16109	1.03	1.337
1066	1.085	1.11198	1.06	1.187		1.349	1.15869	1.027	1.335
1067	1.056	1.11166	1.059	1.186		1.126	1.15621	1.023	1.332
1068	0.937	1.11132	1.058	1.185		1.112	1.15368	1.02	1.329
1069	0.985	1.11096	1.058	1.185		1.025	1.15111	1.017	1.327
1070	1.041	1.11058	1.057	1.184		1.144	1.14852	1.014	1.324
1071	1.156	1.11018	1.056	1.183		1.235	1.14591	1.01	1.321
1072	1.143	1.10975	1.056	1.182		1.071	1.14331	1.007	1.318
1073	1.167	1.10931	1.055	1.181		1.143	1.14072	1.003	1.315
1074	1.147	1.10884	1.054	1.18		1.053	1.13815	1	1.312
1075	1.077	1.10834	1.053	1.179		1.012	1.13562	0.996	1.309
1076	1.087	1.10781	1.052	1.178		0.974	1.13313	0.993	1.305
1077	0.938	1.10726	1.051	1.176		0.732	1.13071	0.989	1.302
1078	0.963	1.10668	1.05	1.175		0.76	1.12834	0.985	1.298
1079	1.142	1.10607	1.048	1.174		0.783	1.12604	0.981	1.295
1080	1.19	1.10542	1.047	1.172		0.691	1.1238	0.977	1.291
1081	1.075	1.10473	1.046	1.171		0.572	1.1216	0.973	1.287
1082	0.994	1.10399	1.044	1.169		0.703	1.11943	0.969	1.283
1083	0.975	1.1032	1.043	1.168		0.814	1.11726	0.965	1.279
1084	1.162	1.10235	1.042	1.166		0.774	1.11506	0.961	1.275
1085	1.018	1.10145	1.04	1.164		1.002	1.1128	0.957	1.271
1086	1.239	1.10046	1.038	1.163		1.039	1.11042	0.952	1.267
1087	1.081	1.0994	1.037	1.161		1.111	1.1079	0.948	1.262
1088	1.14	1.09826	1.035	1.159		1.352	1.10517	0.943	1.258
1089	1.117	1.09702	1.033	1.157		1.709	1.1022	0.938	1.253
1090	1.187	1.09568	1.031	1.155		1.296	1.09894	0.934	1.248
1091	1.201	1.09424	1.029	1.153		1.836	1.09537	0.929	1.243
1092	1.27	1.09269	1.027	1.151		1.894	1.09145	0.924	1.238
1093	1.113	1.09103	1.025	1.149		1.654	1.08717	0.919	1.233
1094	1.133	1.08926	1.023	1.146		1.387	1.08252	0.914	1.228
1095	1.091	1.08738	1.021	1.144		1.161	1.0775	0.909	1.222
1096	1.013	1.0854	1.018	1.142		0.944	1.07212	0.904	1.217
1097	1.143	1.0833	1.016	1.139		1.263	1.0664	0.898	1.211
1098	1.104	1.0811	1.013	1.137		1.179	1.06034	0.893	1.206
1099	1.12	1.0788	1.011	1.134		1.021	1.05395	0.887	1.2
1100	1.096	1.07639	1.008	1.132		1.072	1.04724	0.882	1.194
1101	1.136	1.07387	1.006	1.129		1.156	1.04023	0.876	1.188
1102	1.095	1.07126	1.003	1.126		1.27	1.03292	0.871	1.182
1103	1.183	1.06856	1	1.124		0.985	1.02534	0.865	1.176
1104	1.229	1.06576	0.997	1.121		1.261	1.0175	0.859	1.169
1105	1.149	1.06287	0.994	1.118		1.106	1.00942	0.854	1.163
1106	1.268	1.05991	0.991	1.115		1.167	1.00112	0.848	1.156
1107	1.07	1.05688	0.988	1.113		1.027	0.99262	0.842	1.149
1108	1.021	1.05379	0.985	1.11		1.008	0.98395	0.836	1.143
1109	0.837	1.05066	0.982	1.107		1.257	0.97513	0.83	1.136
1110	0.921	1.0475	0.979	1.104		0.663	0.96619	0.825	1.129
1111	1	1.04432	0.976	1.101		1.175	0.95717	0.819	1.122
1112	1.005	1.04112	0.973	1.098		1.007	0.94808	0.813	1.115
1113	1.173	1.03792	0.97	1.096		1.096	0.93895	0.807	1.108
1114	1.118	1.03471	0.966	1.093		1.003	0.92983	0.802	1.101
1115	0.971	1.03151	0.963	1.09		1.036	0.92073	0.796	1.094
1116	1.072	1.02833	0.96	1.088		0.97	0.91169	0.79	1.087
1117	0.977	1.02516	0.957	1.085		0.778	0.90276	0.785	1.08
1118	1.131	1.02204	0.954	1.083		0.839	0.89395	0.78	1.073
1119	0.999	1.01895	0.951	1.08		0.704	0.88532	0.774	1.066
1120	1.029	1.01591	0.948	1.078		0.757	0.87689	0.769	1.059
1121	0.973	1.01293	0.945	1.076		0.807	0.86869	0.764	1.053
1122	1.103	1.01003	0.942	1.074		0.812	0.86076	0.759	1.046
1123	1.044	1.0072	0.939	1.072		0.982	0.85312	0.755	1.04
1124	1.033	1.00446	0.936	1.07		0.745	0.84579	0.75	1.033
1125	0.941	1.00183	0.933	1.068		0.645	0.83882	0.746	1.027
1126	1.071	0.99931	0.93	1.066		0.8	0.83222	0.742	1.021
1127	0.876	0.99691	0.928	1.065		0.788	0.82602	0.738	1.015
1128	0.933	0.99465	0.925	1.063		0.535	0.82024	0.734	1.01
1129	0.965	0.99253	0.923	1.062		0.672	0.81492	0.731	1.004
1130	0.839	0.99057	0.921	1.061		0.458	0.81006	0.727	0.999
1131	0.954	0.98877	0.918	1.06		0.696	0.80568	0.724	0.995
1132	1.054	0.98714	0.916	1.059		0.717	0.8018	0.722	0.99
1133	0.889	0.98569	0.914	1.058		0.564	0.79843	0.719	0.986
1134	0.888	0.98442	0.912	1.058		0.723	0.79556	0.717	0.982
1135	0.976	0.98333	0.911	1.057		0.795	0.79322	0.715	0.978
1136	0.861	0.98244	0.909	1.057		0.69	0.7914	0.713	0.975
1137	0.95	0.98174	0.908	1.057		0.584	0.79011	0.711	0.972
1138	0.924	0.98124	0.906	1.056		0.559	0.78935	0.71	0.969
1139	0.795	0.98094	0.905	1.056		0.468	0.78911	0.709	0.967
1140	0.833	0.98083	0.904	1.056		0.586	0.78939	0.709	0.965
1141	0.842	0.98092	0.903	1.056		0.618	0.79019	0.708	0.963
1142	0.844	0.9812	0.902	1.057		0.6	0.79149	0.708	0.962
1143	0.978	0.98166	0.902	1.057		0.582	0.79327	0.708	0.961
1144	0.856	0.98229	0.901	1.057		0.594	0.79552	0.708	0.96
1145	0.903	0.98309	0.901	1.058		0.594	0.79821	0.708	0.959
1146	0.863	0.98405	0.9	1.058		0.629	0.80132	0.709	0.959
1147	0.907	0.98514	0.9	1.059		0.619	0.80483	0.71	0.96
1148	1.01	0.98637	0.9	1.06		0.767	0.80869	0.711	0.96
1149	0.942	0.9877	0.9	1.06		0.793	0.81288	0.712	0.961
1150	0.931	0.98913	0.9	1.061		0.645	0.81736	0.714	0.962
1151	0.934	0.99064	0.901	1.062		0.678	0.8221	0.715	0.963
1152	1.044	0.99222	0.901	1.062		0.76	0.82706	0.717	0.964
1153	1.055	0.99384	0.901	1.063		0.777	0.8322	0.719	0.966
1154	1.054	0.99549	0.902	1.064		0.612	0.83748	0.721	0.968
1155	1.042	0.99715	0.903	1.065		0.84	0.84286	0.722	0.97
1156	1.052	0.99881	0.903	1.066		0.772	0.84829	0.725	0.972
1157	0.922	1.00046	0.904	1.066		0.923	0.85374	0.727	0.975
1158	1.065	1.00208	0.905	1.067		0.928	0.85914	0.729	0.977
1159	1.069	1.00365	0.906	1.068		0.949	0.86446	0.731	0.98
1160	1.011	1.00517	0.907	1.068		1.021	0.86966	0.733	0.982
1161	1.2	1.00661	0.908	1.069		1.12	0.87468	0.735	0.985
1162	1.143	1.00797	0.909	1.07		1.088	0.8795	0.738	0.988
1163	1.097	1.00924	0.911	1.07		1.193	0.88407	0.74	0.991
1164	1.16	1.01041	0.912	1.071		1.231	0.88836	0.742	0.993
1165	1.143	1.01147	0.913	1.071		1.294	0.89235	0.744	0.996
1166	1.068	1.01243	0.915	1.071		1.079	0.896	0.746	0.999
1167	1.067	1.01327	0.916	1.072		1.02	0.89931	0.748	1.001
1168	1.123	1.014	0.918	1.072		1.219	0.90225	0.75	1.004
1169	0.949	1.01461	0.919	1.072		1.225	0.90482	0.752	1.006
1170	0.981	1.01512	0.921	1.072		1.184	0.90701	0.754	1.009
1171	0.962	1.01551	0.922	1.072		1.127	0.90881	0.755	1.011
1172	1.144	1.01579	0.924	1.072		1.036	0.91023	0.757	1.013
1173	1.015	1.01597	0.925	1.072		1.295	0.91128	0.758	1.015
1174	1.088	1.01603	0.927	1.072		0.968	0.91196	0.76	1.017
1175	1.141	1.01598	0.928	1.072		1.288	0.91228	0.761	1.019
1176	1.048	1.01583	0.93	1.072		1.053	0.91226	0.762	1.021
1177	0.936	1.01557	0.931	1.072		0.865	0.91192	0.763	1.022
1178	1.081	1.01522	0.932	1.071		0.973	0.91127	0.764	1.023
1179	0.968	1.01478	0.934	1.071		0.83	0.91036	0.765	1.024
1180	1.083	1.01424	0.935	1.07		1.014	0.90918	0.765	1.025
1181	1.033	1.01362	0.936	1.07		0.903	0.90777	0.766	1.026
1182	0.982	1.01292	0.937	1.069		0.725	0.90615	0.766	1.027
1183	1.077	1.01215	0.938	1.068		0.981	0.90434	0.766	1.028
1184	1.058	1.01131	0.939	1.068		0.937	0.90237	0.767	1.028
1185	1.07	1.0104	0.94	1.067		0.842	0.90024	0.767	1.028
1186	0.932	1.00943	0.941	1.066		0.788	0.898	0.767	1.028
1187	1.003	1.00841	0.942	1.065		0.851	0.89564	0.767	1.028
1188	1.047	1.00735	0.942	1.064		1.046	0.8932	0.767	1.028
1189	0.97	1.00625	0.943	1.063		0.784	0.8907	0.766	1.028
1190	1.07	1.00512	0.944	1.063		0.769	0.88814	0.766	1.027
1191	0.971	1.00397	0.944	1.062		0.891	0.88556	0.766	1.027
1192	0.839	1.00279	0.944	1.061		0.964	0.88297	0.765	1.026
1193	1.19	1.00161	0.945	1.06		0.873	0.88039	0.765	1.025
1194	0.83	1.00041	0.945	1.059		0.86	0.87783	0.764	1.025
1195	1.062	0.99922	0.945	1.058		0.724	0.87532	0.764	1.024
1196	1.003	0.99803	0.945	1.057		0.843	0.87288	0.763	1.023
1197	0.8	0.99686	0.945	1.056		0.868	0.87051	0.762	1.022
1198	0.977	0.99569	0.945	1.055		0.503	0.86823	0.762	1.02
1199	1.041	0.99455	0.945	1.055		0.807	0.86606	0.761	1.019
1200	0.964	0.99342	0.944	1.054		0.721	0.86402	0.76	1.018
1201	0.992	0.99232	0.944	1.053		0.742	0.8621	0.76	1.017
1202	0.852	0.99124	0.944	1.053		0.726	0.86031	0.759	1.016
1203	1.021	0.99019	0.943	1.052		0.821	0.85867	0.758	1.014
1204	1.034	0.98917	0.943	1.051		0.924	0.85716	0.757	1.013
1205	1.029	0.98818	0.942	1.051		0.832	0.8558	0.757	1.012
1206	0.915	0.98721	0.941	1.051		0.756	0.85459	0.756	1.01
1207	0.923	0.98628	0.941	1.05		0.611	0.85353	0.755	1.009
1208	0.874	0.98538	0.94	1.05		0.643	0.85261	0.755	1.008
1209	1.028	0.98451	0.939	1.05		0.71	0.85185	0.754	1.006
1210	0.911	0.98367	0.938	1.05		0.526	0.85123	0.753	1.005
1211	0.976	0.98287	0.937	1.049		0.849	0.85074	0.753	1.004
1212	1.008	0.98209	0.936	1.049		1.034	0.85037	0.752	1.003
1213	0.9	0.98133	0.935	1.05		0.763	0.8501	0.752	1.002
1214	0.957	0.9806	0.934	1.05		0.853	0.84994	0.751	1.001
1215	0.917	0.97989	0.933	1.05		0.659	0.84986	0.751	0.999
1216	0.975	0.97919	0.931	1.05		0.952	0.84986	0.75	0.998
1217	1.102	0.97851	0.93	1.051		1.034	0.84991	0.75	0.998
1218	1.047	0.97783	0.929	1.051		1.063	0.85001	0.75	0.997
1219	1.047	0.97716	0.928	1.052		0.942	0.85015	0.749	0.996
1220	0.901	0.97648	0.926	1.052		0.9	0.85032	0.749	0.995
1221	1.047	0.97582	0.925	1.053		1.108	0.85051	0.749	0.994
1222	1.043	0.97515	0.923	1.054		0.871	0.85072	0.749	0.994
1223	0.959	0.97448	0.922	1.055		0.905	0.85095	0.749	0.993
1224	1.063	0.97381	0.92	1.056		1.057	0.85119	0.749	0.993
1225	0.939	0.97314	0.919	1.057		1.137	0.85146	0.749	0.992
1226	0.858	0.97247	0.917	1.058		0.872	0.85175	0.749	0.992
1227	1.145	0.97181	0.916	1.059		1.143	0.85207	0.749	0.992
1228	0.86	0.97115	0.914	1.061		0.955	0.85243	0.75	0.992
1229	0.993	0.97049	0.913	1.062		0.665	0.85284	0.75	0.992
1230	0.844	0.96984	0.911	1.064		0.807	0.85332	0.75	0.992
1231	0.958	0.96919	0.91	1.065		0.699	0.85388	0.751	0.992
1232	0.818	0.96854	0.908	1.067		0.648	0.85452	0.751	0.992
1233	1.035	0.9679	0.907	1.068		0.775	0.85526	0.752	0.992
1234	1.059	0.96725	0.905	1.07		0.759	0.85611	0.753	0.993
1235	1.065	0.9666	0.904	1.072		0.959	0.85706	0.753	0.993
1236	1.001	0.96594	0.902	1.074		0.868	0.85812	0.754	0.994
1237	1.233	0.96528	0.901	1.076		0.928	0.8593	0.755	0.994
1238	0.855	0.96461	0.9	1.078		0.685	0.86059	0.756	0.995
1239	1.036	0.96394	0.898	1.08		0.799	0.86201	0.757	0.996
1240	1.009	0.96327	0.897	1.082		0.654	0.86355	0.758	0.997
1241	1	0.96261	0.896	1.084		0.732	0.86522	0.759	0.998
1242	0.994	0.96196	0.894	1.086		0.686	0.86702	0.761	0.999
1243	1.022	0.96133	0.893	1.088		0.63	0.86894	0.762	1.001
1244	0.878	0.96072	0.892	1.09		0.863	0.87097	0.763	1.002
1245	1.033	0.96014	0.891	1.093		0.792	0.87311	0.765	1.004
1246	0.883	0.9596	0.889	1.095		0.813	0.87535	0.766	1.006
1247	0.889	0.9591	0.888	1.097		0.656	0.87767	0.768	1.008
1248	0.896	0.95865	0.887	1.099		0.867	0.88006	0.77	1.01
1249	0.943	0.95825	0.886	1.101		0.891	0.8825	0.772	1.012
1250	0.954	0.9579	0.885	1.104		1.092	0.88499	0.774	1.014
1251	0.922	0.95762	0.884	1.106		1.006	0.8875	0.776	1.017
1252	0.937	0.9574	0.883	1.108		0.783	0.89001	0.778	1.019
1253	0.976	0.95724	0.882	1.11		1.281	0.89253	0.78	1.022
1254	0.919	0.95715	0.882	1.112		1.122	0.89504	0.782	1.025
1255	0.938	0.95713	0.881	1.115		1.162	0.89752	0.785	1.028
1256	0.905	0.95719	0.88	1.117		1.066	0.89998	0.787	1.031
1257	1.108	0.95732	0.879	1.119		1.262	0.90242	0.789	1.034
1258	0.961	0.95752	0.879	1.121		1.057	0.90484	0.792	1.037
1259	0.871	0.95781	0.878	1.123		0.777	0.90726	0.795	1.041
1260	0.89	0.95817	0.878	1.126		0.794	0.90967	0.797	1.044
1261	0.934	0.95862	0.877	1.128		0.825	0.9121	0.8	1.048
1262	0.832	0.95916	0.877	1.13		0.724	0.91454	0.802	1.051
1263	0.885	0.95978	0.877	1.132		0.598	0.91701	0.805	1.055
1264	0.837	0.96048	0.877	1.135		0.842	0.91951	0.808	1.059
1265	1.04	0.96127	0.876	1.137		0.937	0.92203	0.811	1.062
1266	0.959	0.96213	0.876	1.139		0.881	0.92458	0.813	1.066
1267	0.859	0.96306	0.876	1.141		0.77	0.92715	0.816	1.07
1268	0.849	0.96407	0.876	1.144		0.898	0.92974	0.819	1.073
1269	1.007	0.96514	0.876	1.146		0.911	0.93235	0.822	1.077
1270	1.02	0.96628	0.876	1.148		0.957	0.93496	0.824	1.081
1271	1.017	0.96746	0.877	1.15		0.927	0.93757	0.827	1.084
1272	1.016	0.96869	0.877	1.152		0.993	0.94018	0.829	1.088
1273	0.998	0.96997	0.877	1.154		1.037	0.94277	0.832	1.091
1274	0.956	0.97128	0.877	1.156		0.971	0.94535	0.834	1.094
1275	1.067	0.97263	0.877	1.158		1.109	0.9479	0.837	1.098
1276	0.918	0.97402	0.878	1.159		1.06	0.95043	0.839	1.101
1277	0.91	0.97543	0.878	1.161		0.856	0.95294	0.842	1.104
1278	0.95	0.97687	0.879	1.162		1.011	0.95542	0.844	1.107
1279	0.951	0.97834	0.879	1.163		0.793	0.95787	0.846	1.11
1280	1.043	0.97982	0.88	1.165		0.809	0.9603	0.848	1.112
1281	0.948	0.98132	0.88	1.166		0.72	0.96269	0.85	1.115
1282	0.933	0.98283	0.881	1.167		0.778	0.96505	0.852	1.117
1283	1.052	0.98434	0.881	1.167		1.048	0.96737	0.853	1.12
1284	1.012	0.98586	0.882	1.168		0.857	0.96964	0.855	1.122
1285	0.985	0.98737	0.882	1.168		1.048	0.97184	0.857	1.124
1286	0.949	0.98888	0.883	1.169		1.209	0.97396	0.858	1.126
1287	0.994	0.99038	0.884	1.169		1.026	0.97599	0.859	1.127
1288	0.932	0.99186	0.884	1.169		1.069	0.97793	0.861	1.129
1289	0.957	0.99332	0.885	1.169		1.037	0.97977	0.862	1.13
1290	1.006	0.99476	0.886	1.169		0.93	0.9815	0.863	1.131
1291	1.069	0.99617	0.887	1.168		0.933	0.98312	0.864	1.132
1292	1.009	0.99755	0.887	1.168		0.944	0.98462	0.865	1.133
1293	0.981	0.99888	0.888	1.167		0.87	0.98601	0.865	1.134
1294	0.884	1.00017	0.889	1.166		0.938	0.98726	0.866	1.135
1295	1.098	1.00141	0.89	1.165		0.941	0.98837	0.867	1.135
1296	0.89	1.0026	0.891	1.164		0.901	0.98934	0.867	1.135
1297	0.963	1.00373	0.892	1.163		0.698	0.99016	0.867	1.135
1298	1.005	1.00479	0.892	1.162		1.093	0.9908	0.868	1.135
1299	1.033	1.00578	0.893	1.161		0.918	0.99127	0.868	1.135
1300	1.137	1.00668	0.894	1.159		1.119	0.99153	0.868	1.134
1301	1.016	1.0075	0.895	1.158		1.154	0.99159	0.868	1.134
1302	1.071	1.00823	0.896	1.156		1.126	0.99142	0.867	1.133
1303	1.042	1.00886	0.897	1.154		1.073	0.99102	0.867	1.132
1304	1.075	1.00939	0.897	1.153		1.143	0.99037	0.867	1.131
1305	1.121	1.00981	0.898	1.151		1.285	0.98947	0.866	1.129
1306	1.199	1.01013	0.899	1.149		1.595	0.98831	0.866	1.128
1307	1.013	1.01035	0.9	1.147		1.376	0.9869	0.865	1.126
1308	0.993	1.01046	0.9	1.145		1.391	0.98524	0.864	1.125
1309	0.8	1.01046	0.901	1.143		1.205	0.98335	0.863	1.123
1310	1.141	1.01037	0.902	1.141		1.058	0.98125	0.862	1.121
1311	1.061	1.01018	0.902	1.138		1.107	0.97896	0.861	1.118
1312	0.968	1.00989	0.903	1.136		0.851	0.97652	0.86	1.116
1313	1.014	1.00951	0.904	1.134		0.547	0.97394	0.859	1.114
1314	0.968	1.00902	0.904	1.132		0.603	0.97125	0.858	1.111
1315	1.077	1.00845	0.905	1.13		0.97	0.96848	0.857	1.108
1316	1.227	1.00778	0.905	1.128		1.017	0.96563	0.856	1.106
1317	1.005	1.00701	0.906	1.126		0.822	0.96273	0.854	1.103
1318	1.172	1.00616	0.906	1.124		1.005	0.95978	0.853	1.1
1319	0.994	1.00523	0.906	1.122		1.006	0.9568	0.852	1.097
1320	1.128	1.00423	0.907	1.12		0.717	0.9538	0.851	1.094
1321	0.965	1.00316	0.907	1.118		1.137	0.95079	0.849	1.091
1322	1.067	1.00203	0.907	1.116		0.997	0.94779	0.848	1.088
1323	0.989	1.00085	0.908	1.114		0.992	0.94481	0.847	1.085
1324	1.002	0.99963	0.908	1.112		0.871	0.94186	0.846	1.082
1325	1.092	0.99839	0.908	1.111		0.892	0.93896	0.844	1.079
1326	1.03	0.99713	0.909	1.109		0.82	0.93612	0.843	1.077
1327	1.096	0.99585	0.909	1.108		0.911	0.93335	0.842	1.074
1328	0.899	0.99459	0.909	1.106		0.776	0.93066	0.841	1.071
1329	0.912	0.99334	0.909	1.105		0.806	0.92807	0.84	1.068
1330	0.946	0.99211	0.91	1.104		0.704	0.92559	0.838	1.066
1331	0.961	0.99093	0.91	1.103		0.973	0.92321	0.837	1.063
1332	0.893	0.98979	0.91	1.103		0.701	0.92094	0.836	1.06
1333	0.862	0.98872	0.911	1.102		0.689	0.91879	0.835	1.058
1334	1.043	0.9877	0.911	1.101		0.935	0.91675	0.835	1.056
1335	0.975	0.98676	0.911	1.101		0.995	0.91482	0.834	1.054
1336	0.942	0.9859	0.912	1.101		1.048	0.91301	0.833	1.052
1337	0.955	0.98512	0.912	1.101		1.113	0.9113	0.832	1.05
1338	0.919	0.98444	0.912	1.101		0.919	0.9097	0.832	1.048
1339	0.973	0.98385	0.913	1.101		1.255	0.90821	0.831	1.046
1340	0.998	0.98336	0.913	1.101		0.999	0.90684	0.83	1.045
1341	0.858	0.98297	0.914	1.102		1.125	0.90559	0.83	1.044
1342	0.974	0.9827	0.915	1.102		0.909	0.90448	0.83	1.043
1343	1.115	0.98253	0.915	1.103		0.994	0.90351	0.829	1.042
1344	0.933	0.98248	0.916	1.104		0.763	0.90271	0.829	1.041
1345	0.924	0.98254	0.916	1.105		0.76	0.90208	0.829	1.04
1346	0.797	0.98273	0.917	1.106		0.683	0.90164	0.829	1.04
1347	1.046	0.98304	0.918	1.107		0.862	0.9014	0.829	1.04
1348	0.86	0.98348	0.919	1.108		0.507	0.90137	0.829	1.04
1349	0.874	0.98404	0.919	1.11		0.602	0.90155	0.829	1.04
1350	0.858	0.98472	0.92	1.111		0.645	0.90195	0.83	1.04
1351	0.929	0.98552	0.921	1.112		0.764	0.90256	0.83	1.041
1352	0.865	0.98644	0.922	1.114		0.932	0.90337	0.83	1.042
1353	0.948	0.98747	0.923	1.115		0.748	0.90438	0.831	1.043
1354	1.008	0.9886	0.923	1.117		0.841	0.90557	0.832	1.044
1355	0.89	0.98982	0.924	1.118		0.923	0.90693	0.832	1.045
1356	0.993	0.99114	0.925	1.12		1.044	0.90845	0.833	1.047
1357	0.971	0.99252	0.926	1.121		0.831	0.91011	0.834	1.049
1358	0.93	0.99398	0.927	1.122		0.935	0.91192	0.835	1.051
1359	0.982	0.99549	0.928	1.123		0.92	0.91384	0.836	1.053
1360	1.01	0.99705	0.928	1.124		0.898	0.91588	0.838	1.055
1361	1.067	0.99864	0.929	1.125		0.928	0.91801	0.839	1.058
1362	1.062	1.00026	0.93	1.126		0.872	0.92024	0.84	1.06
1363	0.855	1.0019	0.931	1.127		0.779	0.92254	0.842	1.063
1364	1.142	1.00354	0.931	1.128		0.772	0.9249	0.843	1.066
1365	1.157	1.00518	0.932	1.129		1.052	0.92732	0.845	1.07
1366	1.177	1.0068	0.933	1.129		1.374	0.92976	0.846	1.073
1367	0.965	1.0084	0.934	1.13		1.281	0.93223	0.848	1.077
1368	1.208	1.00998	0.934	1.13		1.131	0.93471	0.85	1.08
1369	1.001	1.01154	0.935	1.131		0.964	0.93719	0.852	1.084
1370	0.997	1.01306	0.935	1.131		0.867	0.93968	0.854	1.088
1371	1.123	1.01455	0.936	1.131		1.06	0.94217	0.856	1.092
1372	1.187	1.016	0.937	1.132		1.291	0.94468	0.858	1.096
1373	0.991	1.01742	0.937	1.132		1.199	0.94719	0.86	1.101
1374	1.114	1.01882	0.938	1.132		1.233	0.94972	0.862	1.105
1375	0.977	1.02018	0.938	1.132		0.904	0.95228	0.865	1.11
1376	1.054	1.02151	0.939	1.132		0.669	0.95487	0.867	1.115
1377	0.929	1.02283	0.939	1.132		0.807	0.95753	0.87	1.119
1378	0.947	1.02412	0.94	1.133		0.883	0.96025	0.872	1.124
1379	1.062	1.0254	0.94	1.133		0.971	0.96304	0.875	1.129
1380	1.09	1.02665	0.941	1.133		1.089	0.96591	0.878	1.134
1381	1.081	1.0279	0.941	1.133		1.286	0.96887	0.88	1.14
1382	1.073	1.02913	0.942	1.133		0.928	0.97192	0.883	1.145
1383	1.137	1.03034	0.942	1.133		1.053	0.97509	0.886	1.15
1384	1.076	1.03156	0.943	1.133		0.94	0.97837	0.889	1.156
1385	0.881	1.03277	0.943	1.133		0.756	0.98179	0.892	1.161
1386	1.027	1.03398	0.944	1.134		0.975	0.98535	0.895	1.167
1387	1.01	1.03521	0.944	1.134		1.02	0.98908	0.899	1.172
1388	0.957	1.03645	0.945	1.134		0.806	0.99297	0.902	1.178
1389	0.98	1.0377	0.945	1.134		0.669	0.99704	0.905	1.183
1390	1.046	1.03897	0.946	1.134		0.878	1.0013	0.908	1.189
1391	1.072	1.04026	0.946	1.135		1.003	1.00574	0.912	1.195
1392	0.999	1.04156	0.947	1.135		0.781	1.01037	0.915	1.2
1393	0.982	1.04289	0.948	1.135		0.866	1.01519	0.919	1.206
1394	0.86	1.04425	0.948	1.135		0.827	1.02019	0.922	1.212
1395	0.999	1.04562	0.949	1.136		0.797	1.02536	0.926	1.217
1396	1.033	1.04701	0.949	1.136		1.059	1.03071	0.929	1.223
1397	0.987	1.04842	0.95	1.137		0.849	1.03622	0.933	1.229
1398	1.03	1.04985	0.951	1.137		0.83	1.04187	0.937	1.234
1399	1.042	1.05128	0.952	1.137		0.922	1.04765	0.94	1.24
1400	0.978	1.05271	0.952	1.138		0.642	1.05354	0.944	1.245
1401	1.029	1.05415	0.953	1.138		0.634	1.05953	0.947	1.25
1402	1.122	1.05557	0.954	1.139		0.797	1.06558	0.951	1.255
1403	1.073	1.05698	0.955	1.139		0.934	1.07166	0.954	1.26
1404	1.113	1.05837	0.956	1.14		1.039	1.07774	0.958	1.265
1405	1.07	1.05973	0.957	1.14		1.266	1.08378	0.961	1.27
1406	1.081	1.06107	0.958	1.141		1.163	1.08973	0.965	1.275
1407	1.073	1.06236	0.958	1.141		1.256	1.09556	0.968	1.279
1408	1.043	1.06362	0.959	1.141		1.391	1.10124	0.972	1.284
1409	1.052	1.06484	0.96	1.142		1.507	1.10672	0.975	1.288
1410	1.041	1.06601	0.961	1.142		1.379	1.11199	0.978	1.292
1411	1.23	1.06713	0.963	1.143		1.514	1.11701	0.981	1.296
1412	0.994	1.06819	0.964	1.143		1.325	1.12178	0.984	1.3
1413	1.12	1.06919	0.965	1.144		1.314	1.12627	0.987	1.303
1414	1.002	1.07013	0.966	1.144		1.134	1.13049	0.99	1.307
1415	1.125	1.07101	0.967	1.145		1.151	1.13441	0.993	1.31
1416	1.162	1.07182	0.968	1.145		1.119	1.13804	0.996	1.313
1417	1.003	1.07255	0.969	1.145		1.459	1.14136	0.999	1.316
1418	1.066	1.07322	0.97	1.146		1.265	1.14438	1.001	1.318
1419	1.008	1.07381	0.971	1.146		1.527	1.14709	1.004	1.32
1420	1.046	1.07432	0.972	1.146		1.306	1.1495	1.006	1.323
1421	1.161	1.07475	0.972	1.146		1.131	1.1516	1.008	1.324
1422	1.01	1.07509	0.973	1.146		1.128	1.15341	1.01	1.326
1423	1.059	1.07535	0.974	1.146		0.967	1.15493	1.012	1.327
1424	1.138	1.07551	0.975	1.146		1.291	1.15618	1.014	1.328
1425	1.158	1.07558	0.976	1.146		1.382	1.15716	1.016	1.329
1426	1.091	1.07554	0.976	1.146		1.116	1.15787	1.018	1.33
1427	1.198	1.07541	0.977	1.146		1.022	1.15833	1.019	1.33
1428	1.05	1.07518	0.977	1.146		1.088	1.15855	1.021	1.33
1429	1.129	1.07484	0.978	1.145		0.904	1.15853	1.022	1.33
1430	1.059	1.0744	0.978	1.145		0.953	1.15828	1.023	1.329
1431	1.075	1.07386	0.979	1.144		0.953	1.15781	1.024	1.329
1432	1.13	1.07322	0.979	1.144		1.075	1.15711	1.025	1.328
1433	1.082	1.07247	0.979	1.143		1.153	1.15618	1.026	1.326
1434	1.163	1.07163	0.98	1.143		1.267	1.15502	1.026	1.325
1435	1.209	1.07069	0.98	1.142		1.256	1.15362	1.027	1.323
1436	1.128	1.06966	0.98	1.141		1.34	1.15198	1.027	1.321
1437	1.18	1.06854	0.98	1.141		1.224	1.1501	1.027	1.319
1438	1.058	1.06734	0.98	1.14		1.363	1.14798	1.027	1.316
1439	1.015	1.06606	0.98	1.139		1.094	1.14562	1.027	1.313
1440	1.063	1.06471	0.98	1.138		1.347	1.14303	1.027	1.311
1441	1.159	1.06331	0.98	1.137		1.38	1.14021	1.027	1.307
1442	1.003	1.06185	0.98	1.136		1.33	1.13718	1.026	1.304
1443	1.054	1.06034	0.98	1.135		1.197	1.13393	1.025	1.301
1444	1.019	1.0588	0.98	1.134		1.168	1.1305	1.025	1.297
1445	1.068	1.05723	0.98	1.133		1.283	1.12689	1.024	1.293
1446	1.041	1.05563	0.98	1.131		1.263	1.12312	1.023	1.289
1447	1.029	1.05402	0.98	1.13		1.161	1.11922	1.022	1.285
1448	1.033	1.0524	0.98	1.129		1.086	1.1152	1.021	1.281
1449	1.039	1.05077	0.979	1.127		1.163	1.11108	1.02	1.277
1450	1.184	1.04915	0.979	1.126		1.543	1.10688	1.019	1.272
1451	1.122	1.04753	0.979	1.125		1.279	1.10264	1.017	1.268
1452	1.155	1.04593	0.979	1.123		1.255	1.09837	1.016	1.264
1453	0.824	1.04436	0.979	1.122		0.851	1.09411	1.015	1.259
1454	1.07	1.04282	0.978	1.12		0.973	1.08989	1.014	1.255
1455	0.952	1.04133	0.978	1.119		1.019	1.08575	1.013	1.251
1456	1.028	1.03988	0.978	1.118		0.875	1.08171	1.012	1.247
1457	1.049	1.0385	0.978	1.116		0.759	1.0778	1.01	1.243
1458	0.943	1.03717	0.978	1.115		1.058	1.07404	1.009	1.238
1459	1.034	1.03592	0.977	1.113		0.944	1.07046	1.008	1.235
1460	0.976	1.03474	0.977	1.112		0.865	1.06707	1.008	1.231
1461	0.959	1.03364	0.977	1.11		0.841	1.06388	1.007	1.227
1462	0.941	1.03263	0.977	1.109		0.992	1.06093	1.006	1.223
1463	0.86	1.0317	0.977	1.108		0.826	1.0582	1.005	1.22
1464	0.979	1.03085	0.977	1.106		0.888	1.05573	1.005	1.217
1465	1.13	1.0301	0.977	1.105		0.97	1.0535	1.004	1.214
1466	0.999	1.02943	0.977	1.104		0.975	1.05152	1.004	1.211
1467	1.009	1.02884	0.976	1.103		0.989	1.04981	1.004	1.208
1468	1.103	1.02833	0.976	1.102		1.073	1.04834	1.004	1.206
1469	1	1.02791	0.976	1.101		1.052	1.04714	1.004	1.203
1470	1.09	1.02756	0.977	1.1		1.294	1.04619	1.004	1.201
1471	0.995	1.0273	0.977	1.099		1.195	1.0455	1.004	1.199
1472	0.977	1.02712	0.977	1.098		0.87	1.04507	1.004	1.197
1473	0.911	1.02702	0.977	1.097		0.751	1.04491	1.005	1.196
1474	1.05	1.02699	0.977	1.096		0.934	1.04502	1.005	1.195
1475	1.01	1.02705	0.977	1.095		0.787	1.0454	1.006	1.193
1476	0.9	1.02717	0.977	1.094		0.815	1.04605	1.006	1.192
1477	1.066	1.02737	0.977	1.094		0.844	1.04696	1.007	1.192
1478	0.894	1.02764	0.978	1.093		0.805	1.04812	1.008	1.191
1479	1.033	1.02797	0.978	1.093		0.999	1.04952	1.009	1.191
1480	0.98	1.02836	0.978	1.092		0.991	1.05114	1.01	1.19
1481	1.035	1.02879	0.979	1.092		0.987	1.05297	1.011	1.19
1482	1.06	1.02927	0.979	1.091		0.929	1.05498	1.013	1.19
1483	0.935	1.02979	0.979	1.091		0.85	1.05715	1.014	1.191
1484	1.106	1.03034	0.98	1.091		0.875	1.05947	1.015	1.191
1485	1.162	1.03091	0.98	1.09		1.373	1.0619	1.017	1.192
1486	0.991	1.0315	0.98	1.09		0.912	1.06443	1.018	1.192
1487	1.017	1.03211	0.981	1.09		1.007	1.06702	1.02	1.193
1488	0.99	1.03272	0.981	1.09		1.154	1.06965	1.021	1.194
1489	1.069	1.03333	0.982	1.09		1.233	1.0723	1.023	1.195
1490	1.119	1.03393	0.982	1.09		1.204	1.07494	1.024	1.196
1491	1.088	1.03453	0.982	1.089		1.194	1.07755	1.026	1.197
1492	1.085	1.03512	0.983	1.089		1.024	1.0801	1.027	1.198
1493	1.003	1.03568	0.983	1.089		1.267	1.08259	1.029	1.2
1494	1.175	1.03623	0.984	1.089		1.288	1.08498	1.03	1.201
1495	1.08	1.03676	0.984	1.089		1.101	1.08727	1.032	1.202
1496	1.19	1.03726	0.985	1.09		1.282	1.08943	1.033	1.203
1497	0.866	1.03774	0.985	1.09		1.197	1.09146	1.034	1.205
1498	1.009	1.03819	0.986	1.09		1.046	1.09335	1.036	1.206
1499	1.004	1.03863	0.986	1.09		1.222	1.09508	1.037	1.207
1500	1.052	1.03904	0.987	1.09		1.391	1.09665	1.038	1.209
1501	1.054	1.03943	0.987	1.09		1.453	1.09805	1.039	1.21
1502	1.074	1.03979	0.988	1.09		1.208	1.09927	1.04	1.211
1503	1.043	1.04012	0.988	1.091		0.914	1.10033	1.041	1.213
1504	1.08	1.04043	0.988	1.091		1.259	1.10122	1.042	1.214
1505	1.153	1.04071	0.989	1.091		1.188	1.10194	1.042	1.215
1506	1.146	1.04096	0.989	1.091		1.22	1.10251	1.043	1.216
1507	0.854	1.04119	0.99	1.091		1.177	1.10291	1.043	1.217
1508	1.121	1.04139	0.99	1.092		1.135	1.10317	1.044	1.218
1509	0.963	1.04158	0.991	1.092		1.096	1.10329	1.044	1.219
1510	1.003	1.04174	0.991	1.092		1.053	1.10328	1.044	1.219
1511	1.102	1.04188	0.991	1.092		1.139	1.10314	1.044	1.22
1512	0.999	1.04201	0.992	1.093		1.307	1.10289	1.044	1.22
1513	1.12	1.04211	0.992	1.093		1.165	1.10253	1.044	1.221
1514	1.06	1.0422	0.993	1.093		0.98	1.10208	1.044	1.221
1515	1.155	1.04227	0.993	1.093		1.13	1.10154	1.043	1.222
1516	0.998	1.04233	0.993	1.094		0.823	1.10093	1.043	1.222
1517	1.001	1.04238	0.993	1.094		1.238	1.10026	1.042	1.222
1518	1.096	1.04241	0.994	1.094		1.24	1.09953	1.042	1.222
1519	0.989	1.04245	0.994	1.094		1.168	1.09876	1.041	1.222
1520	0.96	1.04248	0.994	1.094		1.041	1.09796	1.04	1.222
1521	0.999	1.0425	0.994	1.094		0.989	1.09713	1.039	1.221
1522	0.996	1.04253	0.994	1.094		1.005	1.0963	1.038	1.221
1523	1.04	1.04256	0.994	1.094		1.306	1.09546	1.037	1.22
1524	0.975	1.04259	0.994	1.094		0.849	1.09463	1.035	1.22
1525	0.991	1.04261	0.994	1.094		0.947	1.09381	1.034	1.219
1526	0.955	1.04264	0.994	1.094		1.078	1.09302	1.032	1.218
1527	1.062	1.04266	0.994	1.094		0.748	1.09227	1.031	1.217
1528	0.966	1.04267	0.994	1.094		0.921	1.09154	1.029	1.216
1529	1.061	1.04267	0.993	1.093		0.688	1.09086	1.027	1.214
1530	0.965	1.04265	0.993	1.093		0.775	1.0902	1.025	1.213
1531	1.048	1.04261	0.992	1.093		0.82	1.08957	1.023	1.211
1532	1.114	1.04255	0.992	1.092		1.079	1.08895	1.021	1.209
1533	1.146	1.04245	0.991	1.092		1.156	1.08832	1.019	1.208
1534	1.083	1.04232	0.99	1.091		1.093	1.08767	1.016	1.206
1535	1.037	1.04214	0.99	1.09		1.311	1.08697	1.014	1.203
1536	0.962	1.04193	0.989	1.089		0.957	1.0862	1.011	1.201
1537	1.077	1.04167	0.988	1.089		0.945	1.08537	1.008	1.198
1538	1.13	1.04137	0.987	1.088		1.198	1.08444	1.006	1.196
1539	1.098	1.04102	0.986	1.087		1.297	1.0834	1.003	1.193
1540	1.018	1.04061	0.985	1.085		0.999	1.08224	0.999	1.19
1541	1.089	1.04016	0.983	1.084		0.944	1.08094	0.996	1.186
1542	1.001	1.03965	0.982	1.083		1.079	1.07948	0.993	1.183
1543	0.991	1.03908	0.981	1.082		1.015	1.07786	0.989	1.179
1544	0.908	1.03847	0.979	1.08		1.004	1.07605	0.985	1.176
1545	1.168	1.03779	0.978	1.079		0.969	1.07404	0.982	1.172
1546	0.996	1.03706	0.976	1.077		1.204	1.07181	0.978	1.167
1547	1.016	1.03627	0.975	1.076		1.07	1.06933	0.974	1.163
1548	1.016	1.03542	0.973	1.074		1.298	1.0666	0.969	1.158
1549	1.023	1.0345	0.971	1.072		1.136	1.06359	0.965	1.154
1550	0.989	1.03351	0.97	1.071		1.106	1.06028	0.96	1.149
1551	1.081	1.03244	0.968	1.069		1.266	1.05668	0.956	1.143
1552	1.095	1.03131	0.966	1.067		1.05	1.05275	0.951	1.138
1553	1.078	1.0301	0.964	1.065		1.3	1.0485	0.946	1.132
1554	1.056	1.0288	0.963	1.063		0.977	1.04391	0.941	1.127
1555	1.055	1.02743	0.961	1.061		1.118	1.03898	0.936	1.121
1556	1.051	1.02597	0.959	1.059		1.106	1.0337	0.93	1.115
1557	0.988	1.02443	0.957	1.057		0.961	1.02807	0.925	1.108
1558	1.152	1.02281	0.955	1.055		1.127	1.02208	0.919	1.102
1559	0.964	1.02111	0.953	1.053		1.154	1.01573	0.913	1.095
1560	1.022	1.01932	0.951	1.051		1.276	1.00901	0.907	1.088
1561	1.066	1.01746	0.949	1.049		1.089	1.00193	0.901	1.081
1562	0.974	1.01551	0.947	1.047		1.414	0.99447	0.895	1.074
1563	1.187	1.01349	0.945	1.045		1.244	0.98666	0.889	1.067
1564	1.192	1.01138	0.943	1.042		1.389	0.9785	0.883	1.06
1565	1.128	1.00921	0.941	1.04		1.394	0.97001	0.877	1.052
1566	0.996	1.00696	0.939	1.038		1.217	0.9612	0.87	1.045
1567	0.871	1.00466	0.937	1.036		1.018	0.9521	0.864	1.037
1568	0.983	1.0023	0.935	1.034		0.913	0.94275	0.857	1.03
1569	1.16	0.99989	0.933	1.032		1.056	0.93318	0.851	1.022
1570	1.011	0.99745	0.932	1.03		1.086	0.92341	0.844	1.014
1571	0.922	0.99497	0.93	1.028		0.809	0.91349	0.837	1.006
1572	1.043	0.99247	0.928	1.026		0.859	0.90345	0.831	0.999
1573	0.945	0.98995	0.926	1.024		0.953	0.89333	0.824	0.991
1574	0.953	0.98742	0.924	1.022		0.557	0.88316	0.817	0.983
1575	1.049	0.98489	0.923	1.02		0.944	0.87297	0.811	0.975
1576	0.965	0.98236	0.921	1.018		0.95	0.86279	0.804	0.968
1577	0.979	0.97984	0.919	1.016		0.755	0.85266	0.798	0.96
1578	0.948	0.97735	0.918	1.014		0.62	0.84262	0.791	0.952
1579	0.951	0.97488	0.916	1.013		0.787	0.83268	0.785	0.945
1580	0.857	0.97244	0.915	1.011		0.549	0.82288	0.778	0.938
1581	0.902	0.97005	0.913	1.009		0.633	0.81324	0.772	0.93
1582	0.98	0.96769	0.912	1.008		0.738	0.80379	0.766	0.923
1583	0.961	0.96539	0.91	1.006		0.726	0.79455	0.76	0.916
1584	1.031	0.96314	0.909	1.005		0.721	0.78553	0.754	0.909
1585	0.987	0.96095	0.907	1.003		0.783	0.77676	0.748	0.902
1586	0.967	0.95882	0.906	1.002		0.768	0.76825	0.742	0.896
1587	0.831	0.95675	0.905	1.001		0.657	0.76002	0.736	0.889
1588	1.006	0.95476	0.903	0.999		0.543	0.75208	0.731	0.883
1589	0.907	0.95284	0.902	0.998		0.634	0.74445	0.725	0.877
1590	0.874	0.951	0.901	0.997		0.444	0.73714	0.72	0.871
1591	0.879	0.94925	0.9	0.996		0.477	0.73017	0.715	0.866
1592	0.887	0.94758	0.899	0.995		0.718	0.72353	0.71	0.86
1593	0.938	0.94599	0.897	0.994		0.59	0.71723	0.705	0.855
1594	0.887	0.9445	0.896	0.993		0.837	0.71128	0.701	0.85
1595	0.95	0.94309	0.895	0.992		0.764	0.70566	0.696	0.845
1596	0.948	0.94176	0.894	0.992		0.77	0.70039	0.692	0.841
1597	0.951	0.94053	0.893	0.991		0.83	0.69546	0.688	0.837
1598	1.068	0.93938	0.892	0.99		0.669	0.69089	0.684	0.833
1599	0.99	0.93831	0.891	0.99		0.948	0.68667	0.681	0.829
1600	1.026	0.93733	0.891	0.989		0.865	0.68281	0.677	0.826
1601	0.82	0.93644	0.89	0.989		0.314	0.67932	0.674	0.823
1602	0.933	0.93564	0.889	0.989		0.479	0.67621	0.671	0.82
1603	0.942	0.93494	0.888	0.988		0.686	0.67349	0.668	0.818
1604	0.855	0.93434	0.887	0.988		0.577	0.67116	0.666	0.816
1605	0.848	0.93383	0.887	0.988		0.413	0.66923	0.664	0.814
1606	0.922	0.93342	0.886	0.988		0.68	0.66769	0.661	0.812
1607	0.863	0.93312	0.885	0.988		0.533	0.66655	0.66	0.811
1608	0.886	0.93291	0.885	0.988		0.51	0.66581	0.658	0.81
1609	0.853	0.9328	0.884	0.988		0.387	0.66546	0.656	0.809
1610	0.981	0.93278	0.884	0.989		0.537	0.6655	0.655	0.809
1611	0.899	0.93285	0.883	0.989		0.705	0.6659	0.654	0.809
1612	0.837	0.93302	0.883	0.989		0.606	0.66668	0.653	0.809
1613	1.033	0.93326	0.882	0.99		0.643	0.6678	0.653	0.809
1614	0.773	0.93359	0.882	0.99		0.612	0.66926	0.652	0.81
1615	0.84	0.93399	0.882	0.991		0.489	0.67105	0.652	0.811
1616	0.83	0.93446	0.881	0.991		0.456	0.67314	0.652	0.812
1617	1.003	0.93499	0.881	0.992		0.662	0.67554	0.652	0.813
1618	0.821	0.93558	0.881	0.993		0.642	0.6782	0.652	0.815
1619	1.036	0.93621	0.881	0.994		0.557	0.68112	0.653	0.817
1620	0.949	0.93688	0.881	0.994		0.446	0.68428	0.654	0.819
1621	0.967	0.93758	0.88	0.995		0.783	0.68764	0.654	0.821
1622	1.044	0.93829	0.88	0.996		0.689	0.69118	0.655	0.824
1623	1.016	0.93902	0.88	0.997		0.662	0.69489	0.656	0.826
1624	0.925	0.93975	0.88	0.998		0.701	0.69873	0.658	0.829
1625	0.918	0.94049	0.88	0.999		0.709	0.70267	0.659	0.832
1626	1.008	0.94122	0.88	1		0.958	0.7067	0.661	0.835
1627	1.056	0.94194	0.88	1.001		0.927	0.71078	0.662	0.839
1628	1.06	0.94265	0.88	1.001		0.899	0.7149	0.664	0.842
1629	1.087	0.94334	0.88	1.002		1.189	0.71904	0.666	0.845
1630	1.018	0.94402	0.88	1.003		0.761	0.72318	0.668	0.849
1631	1.093	0.94469	0.88	1.004		0.829	0.72731	0.67	0.853
1632	0.852	0.94534	0.88	1.005		0.937	0.73143	0.672	0.857
1633	0.775	0.94598	0.881	1.006		0.708	0.73553	0.674	0.86
1634	0.963	0.94662	0.881	1.007		0.883	0.7396	0.677	0.864
1635	0.962	0.94726	0.881	1.008		0.739	0.74365	0.679	0.868
1636	1.112	0.9479	0.881	1.009		0.748	0.74767	0.681	0.872
1637	0.934	0.94854	0.881	1.01		0.949	0.75166	0.684	0.876
1638	0.824	0.94918	0.882	1.011		0.839	0.75563	0.686	0.88
1639	0.928	0.94983	0.882	1.012		0.87	0.75957	0.689	0.884
1640	1.145	0.95049	0.882	1.013		1.046	0.76348	0.691	0.888
1641	0.815	0.95116	0.882	1.014		0.463	0.76738	0.694	0.892
1642	0.962	0.95185	0.883	1.015		0.342	0.77127	0.696	0.895
1643	0.812	0.95256	0.883	1.016		0.776	0.77516	0.698	0.899
1644	0.922	0.95328	0.883	1.017		0.513	0.77903	0.701	0.903
1645	0.79	0.95403	0.884	1.018		0.314	0.7829	0.703	0.906
1646	0.83	0.95479	0.884	1.018		0.501	0.78676	0.706	0.91
1647	0.783	0.95558	0.884	1.019		0.615	0.79058	0.708	0.913
1648	0.98	0.95637	0.885	1.02		0.625	0.79437	0.71	0.916
1649	1.02	0.95718	0.885	1.021		0.635	0.79808	0.712	0.92
1650	0.983	0.95798	0.886	1.022		0.765	0.80171	0.714	0.923
1651	1.056	0.95877	0.886	1.022		0.864	0.80522	0.716	0.925
1652	1.138	0.95956	0.887	1.023		0.91	0.80859	0.718	0.928
1653	0.891	0.96032	0.887	1.024		0.942	0.8118	0.72	0.931
1654	0.904	0.96107	0.887	1.024		0.824	0.81482	0.722	0.933
1655	1.076	0.9618	0.888	1.025		1.147	0.81762	0.724	0.935
1656	0.991	0.96251	0.888	1.026		0.977	0.8202	0.725	0.937
1657	1.015	0.96319	0.889	1.026		1.065	0.82252	0.727	0.939
1658	1.044	0.96384	0.889	1.027		1.299	0.82459	0.728	0.941
1659	0.983	0.96447	0.89	1.028		0.982	0.82638	0.729	0.943
1660	1.003	0.96507	0.891	1.028		1.19	0.82789	0.731	0.944
1661	0.997	0.96565	0.891	1.029		0.895	0.82913	0.732	0.946
1662	0.91	0.9662	0.892	1.029		0.888	0.8301	0.733	0.947
1663	0.923	0.96674	0.892	1.03		0.939	0.8308	0.734	0.948
1664	1.065	0.96726	0.893	1.03		0.967	0.83124	0.735	0.949
1665	1.029	0.96776	0.893	1.031		1.08	0.83144	0.735	0.949
1666	0.97	0.96824	0.894	1.031		0.889	0.83139	0.736	0.95
1667	0.932	0.96872	0.894	1.031		0.709	0.83113	0.736	0.95
1668	0.914	0.96918	0.895	1.032		0.905	0.83065	0.737	0.951
1669	0.958	0.96964	0.895	1.032		0.764	0.82998	0.737	0.951
1670	0.955	0.97009	0.896	1.033		0.805	0.82913	0.737	0.951
1671	1.053	0.97055	0.897	1.033		0.942	0.82812	0.738	0.951
1672	0.918	0.971	0.897	1.033		0.839	0.82695	0.738	0.951
1673	0.918	0.97145	0.898	1.034		0.885	0.82565	0.738	0.951
1674	0.97	0.97191	0.898	1.034		0.769	0.82423	0.737	0.95
1675	0.895	0.97237	0.899	1.034		0.719	0.8227	0.737	0.95
1676	0.956	0.97284	0.899	1.035		0.768	0.82109	0.737	0.949
1677	1.082	0.97331	0.9	1.035		0.815	0.8194	0.737	0.949
1678	0.986	0.97379	0.901	1.035		0.695	0.81764	0.736	0.948
1679	0.971	0.97428	0.901	1.035		0.855	0.81584	0.736	0.947
1680	0.924	0.97477	0.902	1.036		0.467	0.814	0.736	0.946
1681	0.924	0.97527	0.902	1.036		0.578	0.81214	0.735	0.946
1682	0.933	0.97579	0.903	1.036		0.849	0.81026	0.735	0.945
1683	1.041	0.97631	0.904	1.037		0.865	0.80836	0.734	0.944
1684	0.996	0.97685	0.904	1.037		0.834	0.80644	0.733	0.943
1685	0.973	0.97739	0.905	1.037		0.742	0.80452	0.733	0.942
1686	0.884	0.97794	0.906	1.037		0.69	0.80259	0.732	0.941
1687	0.912	0.9785	0.906	1.038		0.726	0.80067	0.731	0.94
1688	0.841	0.97908	0.907	1.038		0.559	0.79874	0.731	0.939
1689	1.158	0.97966	0.908	1.038		0.876	0.79681	0.73	0.938
1690	0.972	0.98024	0.909	1.039		0.72	0.79489	0.73	0.937
1691	0.92	0.98082	0.909	1.039		0.798	0.79296	0.729	0.936
1692	1.076	0.98141	0.91	1.04		0.925	0.79103	0.728	0.935
1693	1.065	0.98199	0.911	1.04		1.083	0.78908	0.728	0.934
1694	1.001	0.98257	0.912	1.04		1.075	0.78713	0.727	0.933
1695	0.908	0.98314	0.912	1.041		0.906	0.78518	0.727	0.933
1696	0.952	0.98371	0.913	1.041		0.699	0.78323	0.726	0.932
1697	0.94	0.98428	0.914	1.042		0.728	0.78129	0.726	0.931
1698	1.137	0.98484	0.915	1.042		0.846	0.77937	0.725	0.93
1699	0.97	0.9854	0.916	1.043		0.756	0.77749	0.725	0.93
1700	1.016	0.98595	0.916	1.044		0.783	0.77564	0.725	0.929
1701	0.92	0.98649	0.917	1.044		0.885	0.77384	0.725	0.929
1702	1.021	0.98703	0.918	1.045		1.011	0.7721	0.725	0.929
1703	1.263	0.98757	0.919	1.046		1.119	0.77042	0.725	0.928
1704	0.949	0.9881	0.92	1.046		1.009	0.76883	0.725	0.928
1705	0.899	0.98863	0.92	1.047		0.575	0.76734	0.725	0.928
1706	0.868	0.98916	0.921	1.048		0.466	0.76598	0.726	0.929
1707	1.116	0.9897	0.922	1.049		0.92	0.76476	0.726	0.929
1708	0.909	0.99025	0.923	1.049		0.753	0.7637	0.727	0.929
1709	0.97	0.9908	0.924	1.05		0.553	0.76282	0.728	0.93
1710	0.948	0.99137	0.924	1.051		0.725	0.76214	0.729	0.931
1711	1.067	0.99194	0.925	1.052		0.759	0.76167	0.73	0.931
1712	1.016	0.99253	0.926	1.053		0.877	0.76143	0.731	0.932
1713	1.041	0.99314	0.926	1.054		0.907	0.76143	0.732	0.934
1714	1.044	0.99376	0.927	1.055		0.754	0.76169	0.734	0.935
1715	1.083	0.99439	0.928	1.056		0.689	0.76222	0.735	0.937
1716	1.003	0.99505	0.928	1.057		0.653	0.76305	0.737	0.938
1717	0.979	0.99573	0.929	1.058		0.604	0.76418	0.739	0.94
1718	0.927	0.99645	0.93	1.059		0.73	0.76565	0.741	0.942
1719	0.928	0.9972	0.93	1.06		0.601	0.76745	0.743	0.944
1720	0.863	0.99799	0.931	1.061		0.526	0.7696	0.745	0.947
1721	0.982	0.99883	0.932	1.062		0.56	0.77211	0.748	0.949
1722	0.944	0.9997	0.932	1.063		0.724	0.77498	0.751	0.952
1723	0.966	1.00062	0.933	1.064		0.517	0.77822	0.753	0.955
1724	0.942	1.00158	0.933	1.066		0.65	0.78184	0.756	0.958
1725	1.049	1.00257	0.934	1.067		0.751	0.78582	0.759	0.961
1726	1.072	1.00361	0.935	1.068		0.629	0.79017	0.762	0.965
1727	1.105	1.00469	0.935	1.069		0.76	0.79487	0.766	0.968
1728	0.843	1.0058	0.936	1.07		0.477	0.79992	0.769	0.972
1729	0.921	1.00695	0.937	1.071		0.588	0.80532	0.773	0.976
1730	1.013	1.00813	0.937	1.073		0.731	0.81105	0.776	0.98
1731	0.979	1.00935	0.938	1.074		0.723	0.81709	0.78	0.984
1732	1.063	1.0106	0.938	1.075		0.763	0.82343	0.784	0.988
1733	0.951	1.01187	0.939	1.076		0.797	0.83005	0.788	0.992
1734	0.926	1.01317	0.94	1.078		0.513	0.83692	0.792	0.996
1735	1.007	1.0145	0.94	1.079		0.731	0.84403	0.796	1.001
1736	1.148	1.01584	0.941	1.08		0.951	0.85134	0.8	1.005
1737	0.978	1.01719	0.942	1.081		0.802	0.85885	0.804	1.009
1738	1.055	1.01855	0.943	1.082		1.112	0.86651	0.809	1.014
1739	0.978	1.01993	0.943	1.083		1.22	0.8743	0.813	1.018
1740	1.034	1.0213	0.944	1.085		0.819	0.8822	0.817	1.023
1741	0.947	1.02268	0.945	1.086		0.611	0.89019	0.821	1.027
1742	0.907	1.02405	0.946	1.087		0.858	0.89826	0.825	1.032
1743	0.949	1.02541	0.946	1.088		0.824	0.90637	0.83	1.036
1744	1.072	1.02677	0.947	1.089		0.759	0.91451	0.834	1.041
1745	0.968	1.0281	0.948	1.09		0.681	0.92265	0.838	1.045
1746	1.046	1.0294	0.949	1.091		0.787	0.93076	0.842	1.049
1747	1.018	1.03067	0.949	1.092		0.739	0.93882	0.846	1.053
1748	0.975	1.0319	0.95	1.093		0.836	0.94678	0.85	1.057
1749	1.022	1.03308	0.951	1.094		0.809	0.95462	0.854	1.061
1750	0.999	1.0342	0.952	1.094		0.704	0.9623	0.857	1.064
1751	1.015	1.03526	0.952	1.095		0.673	0.96976	0.861	1.068
1752	1.075	1.03624	0.953	1.096		0.885	0.97698	0.865	1.071
1753	1.034	1.03713	0.953	1.096		1.009	0.9839	0.868	1.075
1754	1.084	1.03793	0.954	1.097		1.011	0.99048	0.871	1.078
1755	1.123	1.03863	0.955	1.097		1.32	0.99665	0.874	1.08
1756	0.995	1.03922	0.955	1.098		1.341	1.00238	0.877	1.083
1757	1.212	1.03968	0.956	1.098		1.452	1.00761	0.88	1.085
1758	1.125	1.04003	0.956	1.099		1.491	1.01232	0.882	1.088
1759	1.03	1.04024	0.956	1.099		1.372	1.01646	0.885	1.09
1760	1.181	1.04032	0.957	1.099		1.506	1.02001	0.887	1.091
1761	1.238	1.04026	0.957	1.099		1.701	1.02296	0.889	1.093
1762	1.091	1.04007	0.957	1.099		1.767	1.02529	0.891	1.094
1763	1.098	1.03974	0.957	1.099		1.631	1.027	0.892	1.096
1764	1	1.03927	0.957	1.099		1.38	1.02809	0.894	1.096
1765	1.021	1.03867	0.957	1.099		1.353	1.0286	0.895	1.097
1766	1.212	1.03794	0.957	1.098		1.658	1.02854	0.897	1.098
1767	1.099	1.03708	0.957	1.098		1.282	1.02795	0.898	1.098
1768	0.968	1.0361	0.956	1.098		0.936	1.02686	0.898	1.098
1769	0.933	1.03501	0.956	1.097		0.702	1.02532	0.899	1.098
1770	1.082	1.03381	0.956	1.096		0.835	1.02337	0.9	1.098
1771	1.012	1.0325	0.955	1.096		0.821	1.02104	0.9	1.098
1772	0.813	1.03108	0.955	1.095		0.919	1.01838	0.9	1.097
1773	1.13	1.02957	0.954	1.094		0.848	1.01541	0.901	1.096
1774	1.029	1.02795	0.953	1.093		1.097	1.01216	0.901	1.095
1775	1.133	1.02624	0.952	1.092		1.159	1.00867	0.901	1.094
1776	1.221	1.02444	0.952	1.091		1.078	1.00496	0.901	1.093
1777	0.973	1.02255	0.951	1.089		0.975	1.00105	0.901	1.092
1778	1.036	1.02057	0.949	1.088		1.092	0.99699	0.9	1.091
1779	1.165	1.01851	0.948	1.086		1.03	0.99281	0.9	1.09
1780	1.068	1.01638	0.947	1.085		1.229	0.98853	0.9	1.088
1781	0.993	1.01419	0.946	1.083		0.871	0.9842	0.899	1.087
1782	1.01	1.01194	0.945	1.081		1.005	0.97985	0.899	1.086
1783	0.954	1.00965	0.943	1.08		0.797	0.97551	0.899	1.084
1784	0.982	1.00732	0.942	1.078		0.852	0.97122	0.898	1.083
1785	0.957	1.00496	0.94	1.076		1.01	0.96701	0.898	1.081
1786	0.995	1.00258	0.939	1.074		0.695	0.96293	0.898	1.08
1787	0.864	1.00019	0.937	1.072		0.756	0.95899	0.897	1.079
1788	0.956	0.99779	0.936	1.069		0.769	0.95522	0.897	1.078
1789	1.12	0.99539	0.934	1.067		0.902	0.95166	0.897	1.076
1790	0.848	0.99299	0.932	1.065		0.86	0.94832	0.897	1.075
1791	0.986	0.99059	0.931	1.063		0.742	0.94523	0.897	1.074
1792	0.983	0.98821	0.929	1.061		0.851	0.9424	0.897	1.074
1793	1.017	0.98585	0.927	1.058		0.696	0.93985	0.897	1.073
1794	1.068	0.9835	0.926	1.056		0.798	0.93759	0.898	1.072
1795	1.007	0.98118	0.924	1.054		0.832	0.93564	0.898	1.072
1796	0.975	0.97888	0.922	1.052		0.871	0.93401	0.899	1.072
1797	0.953	0.97662	0.921	1.049		0.934	0.93271	0.9	1.072
1798	1.056	0.9744	0.919	1.047		0.974	0.93173	0.901	1.072
1799	0.977	0.97222	0.917	1.045		1.096	0.93109	0.902	1.072
1800	0.875	0.9701	0.916	1.043		0.717	0.9308	0.903	1.072
1801	0.962	0.96803	0.914	1.04		0.868	0.93087	0.904	1.073
1802	0.862	0.96603	0.913	1.038		0.851	0.93129	0.906	1.074
1803	0.939	0.96409	0.912	1.036		0.576	0.93208	0.908	1.075
1804	0.992	0.96223	0.91	1.034		0.912	0.93324	0.909	1.076
1805	0.903	0.96044	0.909	1.032		0.974	0.93478	0.911	1.077
1806	0.939	0.95873	0.907	1.03		0.577	0.93668	0.914	1.078
1807	0.891	0.9571	0.906	1.028		0.775	0.93895	0.916	1.08
1808	1.003	0.95556	0.905	1.026		0.857	0.94158	0.918	1.082
1809	0.905	0.9541	0.904	1.024		0.801	0.94456	0.921	1.084
1810	0.834	0.95273	0.903	1.023		0.734	0.94788	0.923	1.086
1811	0.924	0.95145	0.901	1.021		0.799	0.95153	0.926	1.088
1812	0.766	0.95025	0.9	1.019		0.54	0.9555	0.929	1.09
1813	0.949	0.94914	0.899	1.018		0.544	0.95976	0.932	1.093
1814	0.957	0.94812	0.898	1.016		0.695	0.96428	0.935	1.095
1815	0.965	0.94717	0.897	1.015		0.72	0.96905	0.938	1.098
1816	0.926	0.94631	0.896	1.013		0.875	0.97402	0.941	1.101
1817	0.911	0.94551	0.895	1.012		1.002	0.97915	0.945	1.104
1818	0.911	0.94478	0.895	1.011		1.137	0.9844	0.948	1.107
1819	1.088	0.94411	0.894	1.009		1.236	0.98974	0.951	1.109
1820	1.003	0.94351	0.893	1.008		1.039	0.99512	0.955	1.112
1821	0.746	0.94296	0.892	1.007		0.921	1.00051	0.958	1.116
1822	0.947	0.94247	0.891	1.006		0.86	1.00588	0.962	1.119
1823	0.961	0.94203	0.891	1.005		1.265	1.01119	0.965	1.122
1824	0.96	0.94163	0.89	1.004		1.216	1.0164	0.969	1.125
1825	0.847	0.94128	0.889	1.003		1.129	1.02149	0.972	1.128
1826	1.057	0.94096	0.889	1.002		1.644	1.02641	0.976	1.131
1827	0.932	0.94068	0.888	1.001		1.547	1.03115	0.979	1.134
1828	1.036	0.94042	0.887	1		1.489	1.03568	0.982	1.137
1829	0.937	0.94019	0.887	0.999		1.574	1.04	0.986	1.14
1830	0.903	0.93998	0.886	0.998		1.387	1.0441	0.989	1.143
1831	1.213	0.93979	0.886	0.998		1.646	1.04798	0.992	1.146
1832	0.939	0.93962	0.885	0.997		1.262	1.05165	0.995	1.148
1833	0.902	0.93946	0.885	0.996		1.099	1.05514	0.998	1.151
1834	0.892	0.93933	0.884	0.996		1.164	1.05847	1.001	1.154
1835	0.877	0.93921	0.884	0.995		0.945	1.06165	1.004	1.156
1836	0.861	0.93912	0.883	0.994		1.033	1.06472	1.007	1.158
1837	0.834	0.93904	0.882	0.994		0.478	1.06769	1.009	1.161
1838	0.861	0.93898	0.882	0.993		0.709	1.07059	1.012	1.163
1839	0.834	0.93893	0.881	0.993		0.657	1.07343	1.014	1.165
1840	0.847	0.93889	0.881	0.992		0.676	1.07622	1.017	1.167
1841	0.853	0.93885	0.88	0.992		0.642	1.07896	1.019	1.169
1842	0.985	0.9388	0.88	0.991		0.853	1.08164	1.021	1.171
1843	0.958	0.93874	0.879	0.991		0.867	1.08426	1.023	1.172
1844	1.099	0.93865	0.879	0.99		0.866	1.0868	1.025	1.174
1845	0.951	0.93853	0.878	0.99		1.117	1.08923	1.027	1.175
1846	1.04	0.93836	0.878	0.989		0.994	1.09155	1.028	1.176
1847	1.065	0.93816	0.877	0.989		1.242	1.09372	1.03	1.177
1848	0.951	0.9379	0.877	0.988		1.157	1.09572	1.031	1.178
1849	0.851	0.93759	0.876	0.988		1.263	1.09754	1.032	1.179
1850	1.017	0.93722	0.875	0.987		1.145	1.09915	1.034	1.18
1851	0.887	0.9368	0.875	0.987		1.329	1.10053	1.035	1.181
1852	1.062	0.93632	0.874	0.986		1.472	1.10167	1.036	1.181
1853	1.032	0.93578	0.873	0.986		1.283	1.10256	1.036	1.181
1854	1.119	0.93517	0.873	0.986		1.581	1.10318	1.037	1.182
1855	0.985	0.9345	0.872	0.985		1.458	1.10354	1.038	1.182
1856	0.781	0.93377	0.871	0.985		1.256	1.10364	1.038	1.182
1857	0.937	0.93298	0.871	0.984		0.911	1.10348	1.038	1.182
1858	1.066	0.93215	0.87	0.984		1.379	1.10307	1.039	1.182
1859	0.879	0.93126	0.869	0.983		1.027	1.10243	1.039	1.181
1860	1.028	0.93032	0.869	0.983		1.159	1.10156	1.039	1.181
1861	1.039	0.92934	0.868	0.982		1.392	1.10047	1.039	1.181
1862	0.917	0.92831	0.867	0.982		1.211	1.09919	1.039	1.18
1863	0.936	0.92726	0.866	0.981		1.19	1.09772	1.038	1.18
1864	0.844	0.92618	0.866	0.981		1.296	1.09608	1.038	1.179
1865	0.922	0.92507	0.865	0.98		1.142	1.09429	1.038	1.178
1866	0.913	0.92395	0.864	0.98		1.131	1.09238	1.037	1.178
1867	0.854	0.92282	0.863	0.979		0.979	1.09036	1.037	1.177
1868	0.95	0.92169	0.863	0.979		0.867	1.08827	1.037	1.176
1869	0.838	0.92055	0.862	0.978		0.899	1.08611	1.036	1.175
1870	0.934	0.91941	0.861	0.978		0.842	1.08392	1.036	1.175
1871	0.836	0.91828	0.861	0.977		0.927	1.08171	1.035	1.174
1872	0.952	0.91716	0.86	0.977		1.022	1.07948	1.035	1.173
1873	1.004	0.91604	0.859	0.976		1.299	1.07726	1.034	1.172
1874	0.861	0.91494	0.859	0.976		0.892	1.07505	1.034	1.172
1875	0.944	0.91386	0.858	0.976		1.079	1.07285	1.033	1.171
1876	0.961	0.91279	0.857	0.975		1.435	1.07069	1.033	1.171
1877	0.801	0.91175	0.857	0.975		1.208	1.06856	1.032	1.17
1878	0.957	0.91073	0.856	0.975		1.027	1.06649	1.032	1.17
1879	1.017	0.90974	0.856	0.974		1.16	1.0645	1.032	1.169
1880	0.856	0.90879	0.855	0.974		0.976	1.06259	1.032	1.169
1881	0.742	0.90787	0.855	0.974		0.651	1.06079	1.031	1.169
1882	0.939	0.90699	0.854	0.973		1.069	1.05911	1.031	1.169
1883	1.102	0.90616	0.854	0.973		1.195	1.05757	1.032	1.169
1884	0.946	0.90537	0.853	0.973		1.048	1.05617	1.032	1.169
1885	0.776	0.90463	0.853	0.973		0.912	1.05494	1.032	1.169
1886	0.921	0.90395	0.853	0.973		0.897	1.05387	1.032	1.17
1887	0.82	0.90332	0.852	0.973		1.052	1.05298	1.033	1.17
1888	0.824	0.90276	0.852	0.972		0.799	1.05228	1.034	1.171
1889	0.902	0.90226	0.852	0.972		1.075	1.05178	1.034	1.172
1890	0.947	0.90183	0.852	0.973		1.377	1.05148	1.035	1.173
1891	0.852	0.90147	0.852	0.973		1.333	1.05138	1.036	1.175
1892	0.779	0.90117	0.852	0.973		0.865	1.0515	1.038	1.176
1893	0.874	0.90095	0.852	0.973		0.831	1.05185	1.039	1.178
1894	1.027	0.9008	0.852	0.973		1.032	1.05244	1.041	1.18
1895	1.019	0.90072	0.852	0.973		1.207	1.05327	1.042	1.182
1896	0.931	0.9007	0.852	0.974		1.278	1.05436	1.044	1.184
1897	1.042	0.90077	0.853	0.974		1.111	1.05571	1.046	1.187
1898	0.929	0.90091	0.853	0.974		1.356	1.05734	1.048	1.189
1899	0.781	0.90113	0.853	0.975		1.172	1.05927	1.051	1.192
1900	0.869	0.90144	0.854	0.975		0.814	1.0615	1.053	1.195
1901	1.044	0.90184	0.854	0.976		1.368	1.06406	1.056	1.199
1902	0.749	0.90233	0.855	0.976		1.021	1.06697	1.059	1.202
1903	0.816	0.90293	0.855	0.977		0.602	1.07024	1.062	1.206
1904	0.711	0.90363	0.856	0.977		0.59	1.07391	1.065	1.21
1905	0.821	0.90444	0.857	0.978		0.764	1.07797	1.069	1.214
1906	0.847	0.90535	0.858	0.979		0.773	1.08244	1.072	1.218
1907	0.853	0.90636	0.858	0.979		0.813	1.08731	1.076	1.223
1908	0.899	0.90748	0.859	0.98		1.037	1.09259	1.08	1.227
1909	0.843	0.90869	0.86	0.981		0.797	1.09826	1.084	1.232
1910	0.935	0.90999	0.861	0.982		0.723	1.10432	1.088	1.237
1911	0.855	0.91138	0.862	0.983		0.677	1.11074	1.093	1.242
1912	0.869	0.91284	0.863	0.984		0.942	1.11752	1.097	1.247
1913	0.887	0.91439	0.864	0.985		0.931	1.12463	1.102	1.252
1914	0.891	0.916	0.866	0.986		1.142	1.13203	1.106	1.258
1915	0.903	0.91768	0.867	0.987		1.207	1.13969	1.111	1.263
1916	0.892	0.91941	0.868	0.988		1.212	1.14759	1.116	1.269
1917	0.96	0.92119	0.869	0.989		0.974	1.15568	1.121	1.275
1918	1.048	0.92301	0.871	0.99		1.315	1.16395	1.126	1.281
1919	0.905	0.92486	0.872	0.991		1.18	1.17235	1.131	1.287
1920	0.982	0.92674	0.873	0.992		1.239	1.18086	1.137	1.293
1921	0.932	0.92864	0.875	0.993		1.192	1.18945	1.142	1.299
1922	0.992	0.93056	0.876	0.994		1.435	1.19808	1.147	1.305
1923	0.785	0.93249	0.877	0.995		1.34	1.20673	1.153	1.311
1924	0.999	0.93442	0.879	0.996		1.384	1.21538	1.158	1.317
1925	0.993	0.93636	0.88	0.997		1.532	1.22399	1.164	1.323
1926	1.033	0.9383	0.882	0.998		1.301	1.23254	1.169	1.329
1927	0.99	0.94023	0.883	1		1.341	1.24103	1.174	1.335
1928	0.828	0.94216	0.885	1.001		0.923	1.24943	1.18	1.341
1929	0.877	0.94407	0.886	1.002		0.956	1.25773	1.185	1.347
1930	1.057	0.94596	0.888	1.003		1.632	1.26592	1.19	1.353
1931	0.841	0.94784	0.889	1.004		1.294	1.27396	1.196	1.359
1932	0.895	0.94969	0.891	1.005		1.174	1.28184	1.201	1.365
1933	1.017	0.95152	0.892	1.006		1.261	1.28955	1.206	1.371
1934	1.034	0.95331	0.894	1.007		1.592	1.29706	1.211	1.376
1935	0.912	0.95506	0.895	1.009		1.131	1.30435	1.216	1.382
1936	0.927	0.95677	0.897	1.01		0.941	1.31142	1.221	1.387
1937	1.189	0.95844	0.898	1.011		1.698	1.31823	1.226	1.393
1938	1.05	0.96006	0.9	1.012		1.654	1.32478	1.231	1.398
1939	1.031	0.96163	0.901	1.013		1.434	1.33103	1.235	1.403
1940	0.972	0.96315	0.903	1.014		1.288	1.33698	1.24	1.408
1941	0.901	0.96463	0.904	1.015		1.776	1.34262	1.244	1.413
1942	0.988	0.96605	0.906	1.017		1.519	1.34794	1.249	1.418
1943	0.958	0.96744	0.907	1.018		1.635	1.35293	1.253	1.423
1944	0.927	0.96878	0.909	1.019		1.704	1.35758	1.257	1.428
1945	1.047	0.97007	0.91	1.02		1.76	1.36191	1.261	1.432
1946	1.017	0.97133	0.912	1.021		1.516	1.36592	1.265	1.436
1947	1.051	0.97254	0.913	1.022		1.553	1.36962	1.268	1.441
1948	0.939	0.97371	0.914	1.023		1.504	1.37302	1.272	1.445
1949	0.89	0.97485	0.916	1.024		1.416	1.37616	1.275	1.449
1950	1.053	0.97596	0.917	1.026		1.44	1.37904	1.279	1.453
1951	0.953	0.97704	0.918	1.027		1.38	1.3817	1.282	1.457
1952	0.916	0.97809	0.919	1.028		1.222	1.38414	1.285	1.461
1953	1.051	0.97911	0.92	1.029		1.573	1.3864	1.288	1.465
1954	0.951	0.98011	0.921	1.03		1.616	1.3885	1.291	1.469
1955	1.004	0.98109	0.923	1.031		1.32	1.39045	1.294	1.473
1956	0.945	0.98205	0.924	1.033		1.221	1.39229	1.297	1.477
1957	0.924	0.983	0.924	1.034		1.402	1.39404	1.3	1.481
1958	0.96	0.98393	0.925	1.035		1.218	1.39572	1.303	1.484
1959	1.005	0.98484	0.926	1.036		1.369	1.39736	1.305	1.488
1960	1.095	0.98575	0.927	1.037		1.64	1.39897	1.308	1.492
1961	1.024	0.98664	0.928	1.039		1.4	1.40057	1.31	1.496
1962	0.92	0.98752	0.928	1.04		1.314	1.4022	1.312	1.5
1963	1.005	0.9884	0.929	1.041		1.068	1.40387	1.315	1.504
1964	0.919	0.98928	0.929	1.042		1.643	1.4056	1.317	1.508
1965	0.894	0.99015	0.93	1.044		1.213	1.40741	1.319	1.512
1966	0.985	0.99103	0.93	1.045		1.272	1.40932	1.321	1.516
1967	0.949	0.9919	0.931	1.046		1.348	1.41135	1.323	1.521
1968	0.897	0.99278	0.931	1.047		1.341	1.41352	1.325	1.525
1969	1.123	0.99365	0.931	1.049		1.368	1.41583	1.327	1.53
1970	1.085	0.99452	0.931	1.05		1.379	1.41831	1.329	1.534
1971	0.983	0.99539	0.931	1.051		1.263	1.42096	1.331	1.539
1972	1.071	0.99625	0.931	1.053		1.371	1.42379	1.333	1.544
1973	1.009	0.99711	0.931	1.054		1.513	1.42682	1.335	1.549
1974	1.036	0.99798	0.931	1.055		1.272	1.43005	1.337	1.555
1975	0.925	0.99884	0.931	1.057		1.21	1.4335	1.339	1.56
1976	1.006	0.99971	0.931	1.058		1.421	1.43717	1.341	1.566
1977	0.963	1.00059	0.931	1.059		1.362	1.44106	1.342	1.571
1978	1.016	1.00148	0.93	1.061		1.331	1.44518	1.344	1.577
1979	1.018	1.00238	0.93	1.062		1.474	1.44954	1.346	1.584
1980	1.184	1.00328	0.93	1.064		1.477	1.45412	1.348	1.59
1981	0.963	1.00421	0.929	1.065		1.288	1.45894	1.349	1.596
1982	0.955	1.00514	0.929	1.066		1.257	1.46399	1.351	1.603
1983	0.954	1.0061	0.928	1.068		1.344	1.46928	1.353	1.61
1984	0.901	1.00709	0.928	1.069		1.225	1.47479	1.355	1.617
1985	0.95	1.0081	0.928	1.071		1.632	1.48052	1.356	1.624
1986	1.059	1.00914	0.927	1.072		1.533	1.48647	1.358	1.631
1987	0.901	1.0102	0.927	1.073		1.503	1.49262	1.359	1.639
1988	0.97	1.01129	0.926	1.075		1.627	1.49897	1.361	1.646
1989	1.029	1.0124	0.926	1.076		1.52	1.50551	1.362	1.654
1990	1.055	1.01354	0.925	1.078		1.549	1.51224	1.364	1.662
1991	1.019	1.01471	0.925	1.079		1.448	1.51914	1.365	1.67
1992	0.972	1.01589	0.924	1.08		1.342	1.52622	1.367	1.678
1993	0.915	1.01709	0.924	1.082		1.51	1.53347	1.368	1.686
1994	1.134	1.01831	0.923	1.083		1.445	1.54088	1.37	1.694
1995	0.986	1.01955	0.923	1.085		1.266	1.54845	1.371	1.703
1996	0.991	1.0208	0.922	1.086		1.284	1.55615	1.372	1.711
1997	1.163	1.02206	0.922	1.087		1.466	1.56399	1.374	1.72
1998	0.937	1.02334	0.921	1.089		1.617	1.57193	1.375	1.728
1999	0.991	1.02462	0.921	1.09		1.527	1.57997	1.376	1.737
2000	1.036	1.02591	0.92	1.091		1.694	1.58808	1.377	1.746
2001	0.972	1.0272	0.92	1.093		1.776	1.59623	1.379	1.754
2002	1.132	1.0285	0.919	1.094		1.755	1.60442	1.38	1.763
2003	1.116	1.0298	0.919	1.095		2.382	1.61262	1.381	1.772
2004	1.02	1.0311	0.918	1.097		1.724	1.62083	1.382	1.78
